310  193  
0  0  
303  152  
0  116  
0  0  
0  0  
352  252  
0  224  
0  72  
0  57  
323  225  
0  34  
284  256  
0  118  
0  102  
0  32  
394  240  
0  84  
0  12  
278  196  
0  73  
0  0  
257  62  
0  0  
352  158  
0  155  
0  63  
0  0  
306  296  
0  150  
365  357  
0  179  
0  42  
0  0  
286  230  
0  129  
0  28  
256  116  
287  233  
0  131  
283  326  
0  281  
0  251  
0  102  
0  42  
331  332  
0  221  
0  191  
0  168  
0  0  
