388  271  
0  78  
361  288  
0  252  
0  136  
0  136  
0  36  
0  8  
307  163  
0  148  
323  316  
0  125  
0  63  
305  230  
0  214  
0  144  
394  352  
0  196  
0  124  
0  30  
319  226  
0  153  
358  316  
0  254  
0  60  
0  57  
210  175  
0  112  
0  102  
215  171  
0  13  
238  73  
232  168  
0  126  
0  70  
223  192  
0  91  
256  179  
0  9  
229  136  
0  48  
0  3  
205  178  
0  29  
312  281  
0  240  
0  129  
0  99  
0  76  
92  0  
