1.0  967  67  32  
1.0  952  52  186  
1.0  970  70  549  
1.0  968  68  974  
1.0  1432  532  613  680  720  781  823  877  935  963  999  
1.0  1438  538  572  645  735  814  843  932  992  
1.0  1452  552  545  667  755  835  916  958  
1.0  1456  556  562  619  692  730  812  890  973  997  
1.0  1433  533  565  679  766  854  947  
1.0  1430  530  538  592  665  754  845  930  
1.0  1420  520  585  660  685  769  825  874  925  996  
1.0  1442  542  597  647  692  752  814  858  888  917  982  
1.0  1440  540  557  616  703  790  830  878  989  
1.0  1408  508  8  28  144  285  417  
1.0  1433  533  24  48  84  213  284  425  
1.0  1466  566  519  635  707  818  881  945  984  
1.0  1466  566  301  417  478  575  668  722  796  
1.0  1402  502  647  686  757  799  850  907  967  999  
1.0  1386  486  492  561  701  741  831  864  
1.0  1430  530  149  208  239  359  441  541  
1.0  1448  548  39  102  142  277  318  429  523  
1.0  1408  508  71  105  146  308  373  432  516  
1.0  1432  532  50  81  147  280  325  422  467  508  
1.0  1165  265  2  47  118  223  
1.0  1449  549  10  34  69  140  218  241  269  367  388  439  
1.0  1343  443  71  110  168  216  336  408  
1.0  1309  409  76  152  244  335  413  
1.0  1456  556  393  486  587  651  736  777  822  
1.0  1060  160  25  138  
1.0  1363  463  631  717  758  783  850  908  970  990  
1.0  1445  545  543  607  697  725  754  826  888  931  987  
1.0  1470  570  492  578  624  721  810  917  960  
1.0  1024  124  949  981  
1.0  1449  549  452  481  505  648  689  748  809  884  
1.0  1448  548  127  214  283  327  404  420  485  541  
1.0  1394  494  654  686  764  840  873  920  999  
1.0  1017  117  926  984  
1.0  1405  505  584  686  765  813  905  988  
1.0  1442  542  601  686  767  860  928  999  
1.0  1469  569  482  564  676  717  832  898  948  976  
1.0  1392  492  595  670  747  792  875  969  
1.0  1466  566  67  91  139  221  268  330  463  590  
1.0  1028  128  937  986  
1.0  1462  562  447  498  588  627  721  820  879  
1.0  1401  501  583  660  691  762  867  961  
1.0  1343  443  337  398  438  471  560  608  686  
1.0  1011  111  933  984  
1.0  1428  528  546  668  726  788  847  903  979  
1.0  1038  138  927  962  
1.0  1410  510  452  481  503  627  722  787  833  882  
1.0  1323  423  353  467  548  598  660  702  
1.0  1018  118  951  971  
1.0  1469  569  569  690  749  789  861  909  985  
1.0  1277  377  300  349  411  459  550  
1.0  1055  155  22  37  131  
1.0  1437  537  580  673  737  780  815  873  935  972  
1.0  1461  561  525  594  750  805  871  984  
1.0  1451  551  132  176  243  320  417  469  513  638  
1.0  1323  423  714  842  918  993  
1.0  1376  476  456  498  588  629  686  759  829  
1.0  1277  377  24  49  96  208  254  287  371  
1.0  1087  187  7  42  100  
1.0  1083  183  904  978  999  
1.0  1274  374  715  768  827  906  984  
1.0  1377  477  641  699  782  841  889  955  
1.0  1409  509  24  57  104  210  310  355  406  
1.0  1419  519  170  211  312  382  402  468  506  618  
1.0  1344  444  370  450  530  637  684  747  
1.0  1081  181  873  943  984  
1.0  1432  532  537  599  693  769  832  902  980  
1.0  1010  110  66  171  
1.0  1464  564  521  568  655  686  759  836  929  984  
1.0  1058  158  891  953  977  
1.0  1447  547  512  628  696  773  833  887  980  
1.0  1431  531  71  112  161  235  271  366  415  492  536  
1.0  1375  475  634  743  826  885  914  984  
1.0  1403  503  7  48  90  166  203  257  312  383  426  
1.0  1078  178  7  59  
1.0  1097  197  901  953  983  
1.0  1386  486  492  573  701  740  795  824  864  
1.0  1378  478  70  182  264  313  407  427  
1.0  1443  543  13  65  183  224  319  409  474  
1.0  1042  142  71  105  143  
1.0  1183  283  20  115  162  215  
1.0  1458  558  445  465  505  662  711  760  837  866  893  924  
1.0  1458  558  509  567  662  711  764  834  865  941  
1.0  1411  511  172  250  343  449  491  617  
1.0  1419  519  1  48  90  169  258  303  346  445  
1.0  1151  251  12  75  155  197  
1.0  1053  153  889  952  
1.0  1458  558  553  604  647  692  734  800  880  965  
1.0  1246  346  368  449  486  574  648  
1.0  1222  322  71  98  226  290  
1.0  1459  559  562  615  662  705  785  923  968  
1.0  1333  433  361  397  430  475  510  643  716  
1.0  1058  158  79  174  
1.0  1447  547  512  611  659  719  772  798  889  946  980  
1.0  1376  476  24  55  132  173  266  295  417  
1.0  1444  544  83  204  245  350  448  494  
1.0  1014  114  929  984  
1.0  1449  549  542  620  698  791  876  922  984  
1.0  1456  556  547  607  697  737  762  837  866  899  954  
1.0  1448  548  576  668  727  817  851  938  998  
1.0  1444  544  517  652  669  746  795  822  883  980  
1.0  1397  497  492  551  668  723  784  803  868  
1.0  1176  276  80  141  270  293  
1.0  1460  560  386  417  465  504  566  600  677  731  792  859  
1.0  1033  133  76  107  203  
1.0  1430  530  76  108  160  265  310  339  405  489  
1.0  1409  509  44  113  196  246  312  379  464  
1.0  1443  543  543  609  700  790  823  908  973  994  
1.0  1449  549  133  263  311  404  419  501  593  638  
1.0  1418  518  556  678  770  839  897  921  
1.0  1468  568  443  487  589  675  753  862  886  936  
1.0  1433  533  566  608  692  733  806  895  989  
1.0  1456  556  529  661  736  774  855  919  987  
1.0  1407  507  61  95  220  362  423  481  507  
1.0  1406  506  9  80  148  231  317  352  385  442  
1.0  1376  476  24  63  184  276  364  417  
1.0  1290  390  16  54  179  279  
1.0  1060  160  889  950  984  
1.0  1442  542  602  681  776  873  940  991  999  
1.0  1399  499  586  672  756  844  956  
1.0  1295  395  289  324  412  476  509  563  
1.0  1074  174  11  33  61  93  
1.0  1174  274  80  145  277  321  
1.0  1306  406  72  121  222  291  334  396  
1.0  1466  566  89  216  347  400  470  604  
1.0  1446  546  8  29  76  116  199  251  327  404  416  
1.0  1469  569  473  636  729  780  898  934  
1.0  1319  419  71  97  181  273  417  
1.0  1075  175  889  959  
1.0  1411  511  566  632  658  695  761  848  881  948  975  990  
1.0  1121  221  30  99  200  
1.0  1360  460  35  62  128  258  318  417  
1.0  1454  554  526  596  639  713  801  873  911  957  
1.0  1270  370  76  122  185  252  365  
1.0  989  89  85  167  
1.0  1408  508  172  250  323  455  554  630  
1.0  1095  195  5  56  114  
1.0  1095  195  6  92  
1.0  1321  421  0  23  50  88  193  265  314  371  
1.0  1169  269  7  45  137  190  
1.0  1433  533  80  130  229  282  401  434  496  
1.0  1418  518  440  544  666  713  828  
1.0  1380  480  22  46  151  189  262  316  398  442  
1.0  1073  173  82  191  217  
1.0  1415  515  566  610  704  804  821  896  988  
1.0  1208  308  372  461  591  
1.0  1382  482  664  682  775  797  900  999  
1.0  1273  373  716  779  816  913  984  
1.0  1449  549  80  136  208  255  286  363  433  477  590  
1.0  1403  503  579  625  653  709  793  857  889  964  990  
1.0  1216  316  76  125  185  258  332  
1.0  1453  553  80  154  205  272  354  484  531  
1.0  1383  483  326  392  439  497  626  687  747  
1.0  1469  569  524  631  717  763  853  942  989  
1.0  1401  501  644  701  786  849  870  982  
1.0  1386  486  492  570  671  742  807  864  
1.0  1470  570  64  153  240  292  395  468  502  571  
1.0  1375  475  298  328  368  391  428  495  621  686  
1.0  1015  115  51  117  
1.0  1359  459  353  451  532  656  747  
1.0  1404  504  187  238  351  375  462  582  
1.0  1028  128  60  177  
1.0  1319  419  71  109  220  315  417  
1.0  1426  526  481  520  622  660  683  728  794  892  
1.0  1405  505  603  663  744  811  869  910  958  
1.0  1361  461  309  399  444  533  650  708  
1.0  1325  425  712  802  852  939  993  
1.0  1450  550  80  134  237  331  453  552  
1.0  1420  520  74  163  267  317  349  377  454  488  
1.0  1425  525  77  187  248  348  418  511  
1.0  1460  560  103  207  297  340  389  466  555  
1.0  1396  496  209  304  376  400  468  516  558  
1.0  1169  269  21  41  156  227  
1.0  1469  569  404  421  468  528  657  724  778  819  
1.0  1353  453  40  157  222  294  417  
1.0  1276  376  50  94  180  228  306  384  
1.0  1305  405  15  78  164  232  338  
1.0  1454  554  387  435  468  514  640  688  784  804  856  
1.0  1371  471  3  31  73  175  259  360  394  
1.0  1296  396  17  26  86  235  274  342  371  
1.0  1285  385  18  111  219  300  333  
1.0  1240  340  58  195  256  345  
1.0  1295  395  19  52  124  194  278  371  
1.0  1031  131  129  198  
1.0  1413  513  71  106  192  261  357  436  523  
1.0  1460  560  527  577  674  701  751  838  912  984  
1.0  1324  424  299  381  468  500  540  606  
1.0  1416  516  633  706  739  824  872  944  999  
1.0  1411  511  22  38  115  158  234  341  424  460  
1.0  1364  464  14  101  236  262  316  398  
1.0  1401  501  649  738  830  872  944  999  
1.0  1346  446  3  27  119  242  329  
1.0  1420  520  446  490  614  710  784  808  863  
1.0  1469  569  87  183  221  305  344  380  450  535  
1.0  1267  367  36  126  212  302  376  
1.0  1414  514  188  230  356  480  539  646  
1.0  1464  564  499  623  694  718  825  867  961  
1.0  1441  541  120  192  247  288  403  457  534  
1.0  1448  548  132  178  275  390  479  559  605  
1.0  1189  289  76  123  206  260  322  
1.0  1383  483  80  150  201  281  410  483  
1.0  1350  450  43  165  233  296  378  417  
1.0  1453  553  71  106  202  225  307  369  468  515  
1.0  1422  522  538  612  692  732  804  849  886  936  966  
1.0  1468  568  53  102  135  249  358  437  481  518  
1.0  1293  393  374  431  472  581  701  
1.0  1463  563  414  458  481  522  642  701  771  846  
1.0  1032  132  915  973  995  
1.0  1204  304  4  68  159  208  253  
1.0  1441  541  456  493  581  701  745  827  894  
