1.0  967  67  32  
0.10703475522636777  1438  538  526  592  664  684  743  795  841  889  946  980  
0.007589048911910482  1456  556  3  31  73  175  226  317  367  388  439  
0.07397401412803206  1404  504  576  668  723  773  834  867  964  990  
0.23521110680421975  1438  538  572  645  735  814  843  932  992  
0.04345377932576848  1459  559  550  671  750  820  894  972  
0.21253411100376207  1451  551  132  176  256  354  432  513  638  
0.1964857999734952  1470  570  67  91  135  275  410  484  531  
0.03659611483393055  1437  537  580  690  775  801  873  919  972  
0.32660109823855604  1349  449  654  686  757  800  889  942  994  
0.49120609190459075  1430  530  538  592  665  754  845  930  
0.012910727482547235  1414  514  644  701  740  802  848  908  983  
0.7567191572557098  1408  508  8  28  144  285  417  
0.5482698220591797  1433  533  24  48  84  213  284  425  
0.8537276688383283  1466  566  519  635  707  818  881  945  984  
0.06757495200513047  1444  544  553  596  639  758  787  840  873  916  958  
0.07665842769053854  1402  502  647  692  733  826  885  928  999  
0.05302538821475977  1365  465  627  722  842  956  
0.2096383243660292  1406  506  72  121  222  305  344  388  437  478  
0.2937180965559979  1437  537  562  615  662  711  767  860  947  
0.08913347415690548  1140  240  22  46  136  190  
0.35712701376786415  1402  502  647  686  757  799  850  907  967  999  
0.009029772968253913  1430  530  572  662  705  804  838  925  996  
0.343820747262103  1386  486  492  561  701  741  831  864  
0.09410066387779292  1437  537  562  621  686  755  810  908  973  989  
0.2462979649691453  1387  487  634  746  790  844  954  
0.011356037678999509  1458  558  445  469  528  657  720  791  866  893  924  
0.019841486756901477  1450  550  80  145  273  378  453  552  
0.0024508204990470947  1462  562  53  102  139  224  357  448  496  
0.20663461412356127  1447  547  524  631  734  809  870  970  990  
0.16872606259415168  1464  564  499  627  729  791  867  961  
0.015192671997283802  1466  566  580  688  809  885  918  993  
0.02753628132836873  1378  478  598  661  736  827  881  930  
0.06625576192338423  1435  535  70  175  251  327  404  439  511  
0.6044286533055798  1165  265  2  47  118  223  
0.018172469874102898  1452  552  19  54  179  280  340  394  427  
0.01925356236542214  1460  560  25  161  245  359  417  478  
0.01631500546403908  1394  494  566  600  676  719  787  834  865  936  966  
0.11015820368174611  1464  564  393  463  567  657  736  777  829  
0.0913597525127822  1442  542  601  692  732  803  873  911  963  999  
0.2205539766903477  1402  502  583  660  683  728  813  935  969  
0.24905491823464854  1405  505  3  34  69  142  235  280  340  389  
0.6202143950995604  1060  160  25  138  
0.11352281907882764  1445  545  543  607  697  725  754  826  888  931  987  
0.6361816911414235  1024  124  949  981  
0.47750667454090456  1448  548  127  214  283  327  404  420  485  541  
0.07172602808820178  1394  494  654  686  764  840  873  920  999  
1.0  1017  117  926  984  
0.5239558648964113  1405  505  584  686  765  813  905  988  
0.2861322602784419  1442  542  601  686  767  860  928  999  
0.026632524109816508  1464  564  510  642  701  749  808  853  952  
0.08016251150801845  1256  356  43  158  261  345  
0.29778723912066984  1414  514  644  701  745  820  923  953  983  
0.28511952403675345  1432  532  613  674  701  775  831  872  944  999  
0.10104543163696472  1379  479  649  748  832  862  878  965  
0.014286382694150557  1432  532  566  600  676  717  758  789  858  888  925  996  
0.60997744858499  1028  128  937  986  
0.485372090083824  1428  528  580  690  776  889  955  
0.010422095365267947  1435  535  562  619  686  760  806  919  974  
0.1459320447219843  1220  320  76  123  206  272  302  376  
0.4931541133554139  1382  482  665  739  822  883  978  999  
0.02560162151614731  1450  550  80  130  229  317  368  417  479  552  
0.4555178958437709  1401  501  583  660  691  762  867  961  
0.212725217389851  1454  554  569  673  725  756  851  938  998  
0.2554832581076799  1456  556  509  587  651  720  781  815  873  911  969  
1.0  1011  111  933  984  
0.4432459780602489  1428  528  546  668  726  788  847  903  979  
0.041688474349684146  1423  523  546  668  729  780  808  874  946  980  
0.871182567457677  1341  441  326  392  447  498  588  618  667  
0.2792520949560411  1464  564  499  623  696  773  840  889  964  990  
0.05748743833449482  1294  394  3  34  75  155  205  260  322  
0.00919527397154557  1427  527  586  678  781  851  954  
0.1249592514652687  1397  497  492  551  668  722  785  917  
0.005896835964726677  1433  533  566  608  692  756  862  885  947  
0.02974307562646783  1400  500  67  91  142  236  257  319  412  483  
0.16672233205839604  1418  518  1  57  102  139  221  273  378  417  
0.22102589308631937  1469  569  524  631  719  783  855  940  989  
0.00576798881698401  1425  525  549  641  699  766  899  956  
0.13657989851621102  1263  363  35  68  144  240  290  
0.12313540720176425  1410  510  452  481  503  627  722  787  833  882  
0.11229227910963507  1403  503  579  625  660  693  763  853  961  
0.2945640243834474  1427  527  71  109  208  248  365  431  472  
1.0  1018  118  951  971  
0.26258740714636597  1430  530  583  660  693  769  827  932  992  
0.06344791825183865  1447  547  512  612  692  733  837  874  946  980  
0.1862991171252668  1468  568  499  623  688  777  814  843  932  988  
0.31351653908003707  1469  569  569  690  749  789  861  909  985  
0.20499030925953904  1216  316  76  125  208  238  338  
0.012267221408286844  1418  518  580  696  784  842  914  984  
0.2840824074100098  1418  518  562  619  692  732  808  865  941  
0.12881743254232303  1433  533  80  151  189  263  311  404  447  496  
0.2435547944028379  1431  531  569  690  751  849  885  918  996  
0.009042943775273704  1438  538  526  596  648  689  747  792  887  980  
1.0  1055  155  22  37  131  
0.041198285816763325  1433  533  17  26  85  159  208  264  311  404  416  
0.03079906986779632  1437  537  580  673  737  780  815  873  935  972  
0.2665898397486193  1434  534  71  97  169  258  336  429  511  
0.7248632051560362  1461  561  525  594  750  805  871  984  
0.16118699231526323  1451  551  132  176  243  320  417  469  513  638  
0.4894676455223328  1323  423  714  842  918  993  
0.19223844456560527  1336  436  358  421  467  520  622  660  691  
0.594520689586788  1277  377  24  49  96  208  254  287  371  
0.36381830885857647  979  79  949  979  
1.0  1087  187  7  42  100  
0.5068458866445861  1083  183  904  978  999  
0.16845047979761113  1394  494  601  686  765  818  894  957  
0.02562166095311188  1408  508  599  691  780  808  866  893  940  989  
0.7098763115252653  1274  374  715  768  827  906  984  
0.017704823298633654  1296  396  50  94  185  258  305  344  407  
0.033639429082535977  1452  552  82  183  244  319  412  484  531  
0.2910241248803768  1444  544  527  577  670  744  811  854  956  
0.02881606364897893  1432  532  566  636  726  786  860  918  996  
0.49726317750469484  1409  509  24  57  104  210  310  355  406  
0.402185382237393  1450  550  572  645  718  810  908  973  997  
0.0241169718992002  1435  535  553  611  659  739  812  893  940  994  
0.42514120063383576  1343  443  337  404  439  497  629  686  
0.029259072748401505  1459  559  562  615  662  711  759  884  968  
0.7463830796673157  1344  444  370  450  530  637  684  747  
0.16703549377354282  1403  503  308  369  468  500  542  620  747  
0.22226281471954895  1392  492  584  686  757  809  855  930  
0.040936135929769635  1392  492  39  102  142  269  367  388  416  
0.4266317415180804  1235  335  58  180  233  281  371  
0.08061915537027486  1309  409  8  28  159  208  239  342  371  
0.2065573969285585  1445  545  43  147  254  296  429  521  
1.0  1010  110  66  171  
0.1815797266159394  1396  496  613  679  784  815  873  916  958  
0.09299094976779934  1451  551  415  487  589  676  754  828  
0.3238959578819093  1470  570  492  551  668  727  821  890  960  
0.31583631315781213  1409  509  170  211  319  413  466  555  
0.01563979473999534  1459  559  526  592  665  733  807  850  931  987  
0.029579285016396385  1435  535  595  674  701  745  832  875  968  
0.6202406395604003  1339  439  10  34  69  140  218  242  329  
0.0643632491681933  1405  505  64  154  196  246  312  383  408  481  507  
1.0  1058  158  891  953  977  
0.30830735749415794  1444  544  517  652  671  742  806  902  980  
0.017241726606527036  1431  531  71  112  161  235  271  366  415  492  536  
0.5302016227059628  1375  475  634  743  826  885  914  984  
0.024398292964232404  1424  524  550  669  750  809  854  956  
0.0804082196019329  1454  554  529  660  693  763  843  942  994  
0.05515835423493827  1431  531  566  600  677  738  803  873  935  974  
0.1019754665205127  1428  528  547  609  748  817  851  956  
0.7471462503418652  1447  547  597  633  706  752  798  873  920  999  
0.04996714271503988  1405  505  603  677  738  803  873  916  958  
0.13443355928371767  1394  494  19  52  124  202  225  310  339  417  
0.06671811879999756  1374  474  22  38  113  196  246  312  383  426  
1.0  1078  178  7  59  
0.299279481981773  1097  197  901  953  983  
0.27303218106486865  1464  564  393  490  614  719  783  829  
0.2729054654748939  1386  486  492  573  701  740  795  824  864  
0.16539010820918293  1342  442  644  701  740  797  902  980  
0.50429692307506  1378  478  70  182  264  313  407  427  
0.25361258702198064  1443  543  13  65  183  224  319  409  474  
1.0  1042  142  71  105  143  
0.08476982635471511  1318  418  664  684  746  790  887  980  
0.901480798003657  1183  283  20  115  162  215  
0.146772017032376  1404  504  576  668  721  799  841  889  961  
0.023813241617371306  1418  518  1  63  195  258  336  417  
0.30566903608489593  1432  532  613  672  734  838  907  967  999  
0.13244025179676722  1456  556  509  567  662  705  804  821  884  969  
0.3759657111779748  1397  497  492  561  694  720  781  815  868  
0.2078911024364692  1458  558  509  567  662  711  764  834  865  941  
0.28368366091791586  1428  528  598  660  683  728  813  898  940  997  
0.6080546415014245  1463  563  529  660  685  782  836  927  958  
0.0371078587773335  1401  501  562  628  688  784  808  866  896  976  
0.4193894493272833  1436  536  603  675  755  832  895  982  
0.2250495197309017  1348  448  44  115  165  232  336  417  
0.11477240507312872  1464  564  510  643  712  807  841  889  952  
0.3215102205032917  1453  553  80  152  224  325  484  531  
0.39866723060464504  1437  537  602  681  775  802  848  923  953  982  
0.36381830885857647  1466  566  553  612  692  730  814  861  909  981  
0.3535737379901336  1468  568  572  639  713  790  847  903  985  
0.2537405643291286  1447  547  80  152  241  269  366  414  468  502  571  
0.1671079335336113  1383  483  80  134  263  313  410  483  
0.003950666677987269  1386  486  492  548  598  660  685  774  864  
0.17253529344352525  1176  276  80  154  212  293  
0.3727558297125964  1468  568  512  612  692  739  812  888  931  987  
0.5239119251876  1370  470  644  701  741  801  873  916  958  
0.11127225187496631  1357  457  14  101  234  360  394  
0.6202406395604003  1314  414  10  27  119  241  277  338  
0.08683003875525586  1454  554  70  182  274  312  379  468  515  
0.869295557795049  1151  251  12  75  155  197  
0.34129713419339286  1395  495  492  578  628  690  749  783  841  880  
0.3416012677717614  1350  450  289  324  409  468  495  624  
0.4980815564685806  1453  553  537  585  653  709  843  931  987  
0.04999743450393199  1354  454  39  111  218  241  268  330  417  
0.6129714137391358  1053  153  889  952  
0.863420101483789  1222  322  71  98  226  290  
0.5858133676374041  1395  495  492  578  621  686  760  802  857  880  
0.577899005905076  1260  360  39  102  135  257  345  
0.07288949816920312  1400  500  487  589  677  750  800  880  
0.0985192019963238  1333  433  361  397  430  475  510  643  716  
0.33377772934453437  1406  506  301  391  428  533  648  689  747  
0.8364523022852054  1058  158  79  174  
0.007473342070506955  1457  557  526  612  692  732  796  833  895  994  
0.39812902584493237  1418  518  1  55  132  176  272  325  417  
0.13097084307012372  1447  547  512  611  659  719  772  798  889  946  980  
0.49863109363275665  1444  544  83  204  245  350  448  494  
0.21152001731538322  1423  523  546  668  722  796  833  887  980  
1.0  1014  114  929  984  
0.29450450277528456  1449  549  542  620  698  791  876  922  984  
0.49891808586819625  1457  557  71  110  149  208  271  369  448  494  
0.019944338920841465  1383  483  80  148  233  277  318  483  
0.0427758656603191  1424  524  71  112  183  221  294  422  454  488  
0.16852844900779113  1456  556  547  607  697  737  762  837  866  899  954  
0.6761040421180907  1448  548  576  668  727  817  851  938  998  
0.5068458866445861  1444  544  517  652  669  746  795  822  883  980  
0.2387143028816336  1424  524  543  607  699  758  787  833  887  980  
0.5511447906528221  1397  497  492  551  668  723  784  803  868  
0.22722703903784813  1403  503  626  687  738  789  858  888  912  962  
0.1011063451470453  1391  491  595  672  752  794  893  948  975  990  
0.06508976280414325  1436  536  603  663  748  820  908  982  
0.8274647065564747  1176  276  80  141  270  293  
0.22907123934834905  1309  409  8  29  76  122  195  243  314  371  
0.1815071445393876  1468  568  538  596  662  705  772  794  888  932  992  
0.3797856049004395  995  95  76  150  
0.17120066276609613  1394  494  654  686  767  849  884  963  999  
0.1440821175909509  1270  370  24  57  102  142  235  279  
0.041353768662203305  1467  567  103  211  358  420  485  541  
0.34261727624629995  1454  554  70  175  268  344  380  450  515  
0.23838067571750615  1455  555  510  642  701  745  825  866  899  956  
0.9267829961295437  1033  133  76  107  203  
0.004748816493640007  1426  526  440  544  676  717  777  814  863  
0.05728471680205227  1296  396  712  797  875  972  
0.514627909916176  1070  170  889  955  
0.2901236884747347  1289  389  715  768  799  841  889  959  
0.07288949816920312  1397  497  492  578  628  690  776  868  
0.15772698287463727  1440  540  566  620  731  792  862  896  992  
0.6594627027648092  1430  530  76  108  160  265  310  339  405  489  
0.3707734824652388  1444  544  547  609  744  794  893  943  984  
0.057886273333235636  1295  395  716  770  860  914  962  
0.5046505172242954  1409  509  44  113  196  246  312  379  464  
0.10598613434468121  1441  541  120  194  262  292  403  457  534  
0.009385727839437585  1171  271  4  62  125  190  
0.22018274785964942  1444  544  553  596  662  711  759  824  869  910  958  
0.0530223075091083  1419  519  602  681  788  815  889  942  986  
0.11158250675344883  1443  543  543  609  700  790  823  908  973  994  
0.5001217697885084  1449  549  133  263  311  404  419  501  593  638  
0.5254133969515643  1432  532  566  610  700  791  874  925  996  
0.8054586858592984  1418  518  556  678  770  839  897  921  
0.010715284730975605  1469  569  524  631  717  773  834  858  899  947  
0.2080615048432956  1296  396  17  26  85  138  201  281  371  
0.4562836513382813  1433  533  566  608  692  733  806  895  989  
0.14245892976519997  1359  459  664  682  776  857  889  942  986  
0.01877116504489329  1371  471  308  368  408  481  503  629  686  
0.6238789592433589  1434  534  586  679  763  845  919  972  
0.3699847516062903  1406  506  9  80  148  231  317  352  385  442  
0.2901236884747347  1418  518  580  690  745  820  906  984  
0.3919453584986285  1460  560  537  585  661  736  774  836  927  958  
0.4931541133554139  1019  119  904  980  
0.2099970307284322  1397  497  76  108  160  265  307  367  390  478  
0.30354553027468373  1442  542  546  668  721  820  923  953  994  
0.6342482757957232  1376  476  24  63  184  276  364  417  
0.08017365209691563  1461  561  525  594  698  793  840  873  945  984  
0.3955713466944202  1087  187  53  102  139  223  
0.48134416185721196  1412  512  595  670  747  778  852  939  996  
0.8559178824090491  1290  390  16  54  179  279  
1.0  1060  160  889  950  984  
0.299279481981773  1442  542  602  681  776  873  940  991  999  
0.13915573172395637  1399  499  586  672  756  844  956  
0.14627233116167176  1466  566  512  611  659  707  811  855  940  994  
0.5853509424413174  1295  395  289  324  412  476  509  563  
0.0336531544411715  1354  454  39  102  140  219  299  383  417  
0.06756184519548292  1436  536  18  104  210  310  346  439  
0.21726124008103673  1455  555  550  669  738  808  853  959  
0.4105534972876857  1438  538  526  611  659  710  800  889  946  980  
0.8037470000733591  1074  174  11  33  61  93  
0.3529432382651266  1426  526  481  505  648  697  735  812  892  
0.3200859684848031  1416  516  562  621  686  759  850  894  969  
0.19625299992664091  993  93  67  93  
0.2536169203326844  1454  554  387  435  468  500  542  637  682  786  856  
0.06821919213447025  1453  553  71  112  157  222  296  432  515  
0.5108219919780105  1174  274  80  145  277  321  
0.0707647783609987  1454  554  386  486  587  651  736  784  804  856  
0.6861246582466579  1306  406  72  121  222  291  334  396  
0.4460413668238412  1403  503  308  343  429  497  626  687  747  
0.10314992672150122  1424  524  576  668  726  788  815  873  919  974  
0.10514037977723696  1462  562  550  671  746  790  823  860  914  962  
0.3243070193774447  1432  532  553  592  664  682  771  840  873  911  957  
0.8288489728353482  1466  566  89  216  347  400  470  604  
0.508026490153521  1418  518  562  615  662  705  772  824  886  941  
0.22231109728971746  1446  546  8  29  76  116  199  251  327  404  416  
0.005286117530277273  1453  553  80  141  262  317  369  451  531  
0.37107799729154417  1469  569  473  636  729  780  898  934  
0.12238437093581922  1463  563  445  469  530  636  723  773  848  879  
0.46935659204232316  1424  524  545  663  748  817  902  980  
0.48196757300639603  1309  409  8  29  76  116  199  259  371  
0.04123783867081271  1450  550  80  152  224  312  383  453  552  
0.4178648344902728  1319  419  71  97  181  273  417  
0.29572132970388654  1179  279  4  62  116  191  217  
0.5027368224953052  1386  486  40  169  258  303  355  406  
0.3528827018424719  1450  550  168  216  362  423  481  520  622  660  
0.07114401465031195  1454  554  386  417  465  503  623  690  751  856  
0.0024508204990470947  1457  557  71  97  169  272  342  401  434  494  
0.013894084366663562  1445  545  584  686  760  831  893  935  968  
0.0576279528831799  1439  539  80  141  285  435  467  518  
0.49261507144422856  1075  175  889  959  
0.007530203606115782  1443  543  13  78  164  256  312  382  402  474  
0.13745172768240604  1411  511  566  632  658  695  761  848  881  948  975  990  
0.43047221090714605  1394  494  654  686  759  872  944  999  
0.06420385232145331  1376  476  71  106  192  247  295  425  
1.0  1121  221  30  99  200  
0.720382869475329  1468  568  568  655  686  764  833  900  999  
0.13123254939686516  1454  554  387  432  530  632  658  695  786  856  
0.06523262708234256  1463  563  529  661  735  869  910  958  
0.1711510271646518  1413  513  89  207  303  346  420  492  536  
0.06668139220423364  1463  563  512  612  692  734  809  850  894  957  
0.6948929424566759  1360  460  35  62  128  258  318  417  
0.13070444220495114  1269  369  12  69  142  266  304  
0.3955713466944202  1376  476  24  55  118  221  273  378  417  
0.09398657577883351  1405  505  186  249  359  462  582  
0.47923442903174757  1466  566  543  607  689  742  831  870  965  
0.5948272069748091  1397  497  492  573  696  774  818  917  
0.07578854315906913  1454  554  526  596  639  713  801  873  911  957  
0.24630451181430005  1435  535  529  661  737  762  853  946  980  
0.06752320402316125  1406  506  599  693  758  803  873  919  974  
0.7054954972247223  1459  559  562  619  686  753  875  968  
0.1850902820139758  1415  515  562  628  701  740  837  867  964  990  
0.06821467098176803  1459  559  538  611  659  717  769  835  911  974  
0.3141309568446911  1418  518  557  616  703  793  848  908  970  990  
0.3130767764681993  1397  497  566  636  721  832  905  976  
0.5105323544776672  1275  375  714  804  825  876  922  984  
0.22350041232489187  1423  523  634  748  810  925  993  
0.38085448720014414  1410  510  452  481  522  643  712  797  882  
0.0671055103075292  1327  427  353  468  500  540  608  686  
0.14695743888686846  1451  551  132  173  205  258  348  419  501  593  638  
0.16464479165541912  1464  564  393  480  542  636  722  783  829  
0.04562161880037249  1450  550  80  146  222  294  453  552  
0.42514120063383576  1287  387  359  422  458  481  504  565  680  
0.07983425696979235  1446  546  509  567  657  724  792  862  893  930  
0.13070444220495103  1081  181  64  154  197  
0.6292265175347613  1441  541  549  641  699  769  835  943  984  
0.0419245666845659  1355  455  15  78  164  231  317  367  407  
0.2047449198221368  1463  563  445  469  514  640  690  749  787  848  879  
0.13657989851621102  1361  461  71  98  235  271  368  391  430  474  
0.17253529344352525  1344  444  36  126  247  295  396  
0.1363864741813905  1469  569  86  235  280  325  432  535  
0.7507402093399411  989  89  85  167  
0.2063287381992781  1408  508  172  250  323  455  554  630  
1.0  1095  195  5  56  114  
0.026603248721540962  1305  405  18  111  235  274  302  376  
0.0897907546748078  1273  373  716  781  830  871  984  
1.0  1095  195  6  92  
0.6953652892069364  1321  421  0  23  50  88  193  265  314  371  
0.07616942320092407  1461  561  133  240  282  410  480  539  646  
0.022663008724111366  1447  547  597  633  706  754  831  885  928  999  
0.901480798003657  1169  269  7  45  137  190  
0.23238366922073916  1439  539  13  78  164  232  348  416  
0.16899634054207957  1398  498  562  615  662  705  796  834  865  936  966  
0.04577429265705658  1413  513  71  112  161  236  270  357  436  523  
0.03480536778937732  1450  550  80  153  275  388  437  479  552  
0.485220370461863  1433  533  80  130  229  282  401  434  496  
0.40944975182877447  1361  461  309  399  461  574  650  708  
0.30759365530597754  1459  559  443  487  589  675  765  812  893  924  
0.17761296328057496  1463  563  445  465  522  642  701  788  823  879  
0.09106597862716526  1296  396  50  81  158  259  360  394  
0.28021354155992223  1397  497  492  561  673  736  810  917  
0.17992580960040472  1454  554  526  596  657  720  781  823  894  957  
0.6995532177453218  1429  529  209  298  328  367  411  459  540  606  
0.2657489128111705  1469  569  86  196  246  312  379  468  535  
0.24471636316453588  1382  482  80  151  189  288  401  458  481  507  
0.47338006554441897  1368  468  77  187  255  286  360  394  427  
0.1584296998127778  1431  531  566  600  677  748  835  919  974  
0.06609867906475606  1460  560  527  577  672  730  855  945  984  
0.049678111374066636  1416  516  90  161  261  358  421  475  511  
0.6145463033068983  1401  501  649  704  844  928  999  
0.25361692033268435  1308  408  370  450  533  662  702  
0.14134004830981683  1386  486  15  65  183  221  269  368  396  
0.1779448978484442  1368  468  301  408  481  505  650  708  
0.5039898944019084  1418  518  440  544  666  713  828  
0.06665009035553748  1408  508  8  29  76  123  247  285  417  
0.39507354557740587  1246  346  50  94  208  238  332  
0.47718889011890486  1470  570  492  548  598  660  693  766  890  960  
0.7042786702961135  1073  173  82  191  217  
0.1680409535479387  1459  559  443  471  560  620  700  806  898  924  
0.3665381667195024  1463  563  414  475  510  640  690  761  846  
0.6202143950995261  1175  275  22  46  146  211  
0.14627233116167168  1450  550  519  635  710  782  854  956  
0.33720395014723986  1442  542  601  686  755  809  850  907  967  999  
0.25249682428336645  1466  566  482  575  668  723  821  886  936  966  
0.48230461721059903  1404  504  186  249  358  421  468  513  638  
0.030110998173539738  1364  464  10  31  73  175  261  342  407  
0.2136497280434766  1301  401  90  159  228  318  417  
0.46933652126508807  1176  276  80  145  266  304  
0.15509469674302767  1182  282  86  206  260  322  
0.3416012677717614  1208  308  372  461  591  
0.22777003506113913  1463  563  586  674  701  751  838  925  993  
0.007308421336523652  1319  419  1  57  102  140  218  244  342  371  
0.07927679961702391  1449  549  58  208  239  357  430  475  511  
0.27961713052467096  1382  482  664  682  775  797  900  999  
0.7509690200955264  1273  373  716  779  816  913  984  
0.5220045590202333  1460  560  387  463  587  651  725  756  859  
0.1849961751049651  1420  520  446  490  614  730  814  863  
0.22502733318523602  1372  472  599  685  766  896  976  
0.01642597096531162  1463  563  132  173  236  278  390  469  500  539  646  
0.32611215034004304  1414  514  71  112  157  222  303  346  418  521  
0.1080703569846505  1449  549  80  136  208  255  286  363  433  477  590  
0.004150541506418359  1364  464  83  204  259  344  407  427  
0.18484675586125596  1460  560  517  652  669  704  803  873  911  957  
0.271727702597396  1403  503  579  625  653  709  793  857  889  964  990  
0.2281498708360421  1448  548  132  176  258  315  476  509  559  605  
0.32351701109131553  1400  500  83  204  251  330  391  436  523  
0.6049264544225941  1216  316  76  125  185  258  332  
0.24088855730403386  1467  567  103  222  291  334  441  541  
0.010054685557084886  1453  553  80  154  205  272  354  484  531  
0.2265071677631423  1453  553  80  151  189  278  377  451  531  
0.22822251725702847  1411  511  4  68  169  258  306  385  442  
0.0028347499001020737  1334  434  357  428  514  643  716  
0.10651450362118657  1443  543  13  65  183  224  350  430  474  
0.12881743254232303  1383  483  326  392  439  497  626  687  747  
0.46161866122192785  1319  419  71  110  149  208  239  359  417  
0.06718656286988134  1435  535  90  181  269  368  391  428  515  
0.2029681307444945  1469  569  524  631  717  763  853  942  989  
0.22145671298836161  1277  377  299  381  468  500  550  
0.1499660256668014  1438  538  557  616  703  795  818  894  974  
0.12155045310811935  1411  511  566  600  675  760  845  948  975  990  
0.3416012677717614  1214  314  373  417  479  563  
0.6100709094728682  1439  539  80  148  252  362  423  481  518  
0.3046347107930636  1420  520  0  23  50  81  165  243  320  417  
0.22785667832639572  1386  486  492  570  671  742  807  864  
0.07143654492040219  1440  540  538  596  645  720  807  850  894  969  
0.7462594356708714  1470  570  64  153  240  292  395  468  502  571  
0.36330181770504355  1405  505  186  295  462  582  
0.01134302624928987  1448  548  39  111  245  350  436  523  
0.19496314274704823  1461  561  525  594  700  837  876  922  984  
1.0  1015  115  51  117  
0.0941650939170317  1193  293  87  144  237  333  
0.6713113581464776  1359  459  353  451  532  656  747  
0.19454131414070164  1445  545  526  596  639  738  804  839  897  921  
1.0  1028  128  60  177  
0.010121365635734625  1450  550  127  233  294  391  467  508  564  
0.7054359756165526  1319  419  71  109  220  315  417  
0.700720518018227  1089  189  901  953  991  999  
0.6583987322282385  1270  370  372  428  495  624  
0.1794955222369677  1467  567  524  631  719  772  811  884  974  
0.12021765590123251  1462  562  579  625  653  706  756  847  903  985  
0.7054954972247154  1211  311  374  438  485  570  
0.3955713466944202  1413  513  2  47  132  173  205  258  306  385  442  
0.14075298188996715  1367  467  308  349  380  450  528  662  702  
0.3850868369717024  1380  480  647  692  730  814  858  878  965  
0.035582538146214704  1414  514  24  55  132  178  278  388  416  
0.01645536320331331  1400  500  9  79  181  351  375  426  
0.10962122303006808  1453  553  80  141  257  335  412  484  531  
0.176966253476263  1452  552  545  666  773  840  873  916  958  
0.5433925093085211  1335  435  15  78  164  231  317  352  384  
0.4655536451535336  1405  505  603  663  744  811  869  910  958  
0.3637034168194003  1458  558  445  469  514  642  701  740  801  873  924  
0.7389478530910738  1291  391  299  382  402  468  516  558  
0.5188604432031079  1442  542  170  207  351  375  441  548  599  
0.4126053503227813  1361  461  309  399  444  533  650  708  
0.25949296490904866  1418  518  172  250  323  422  467  508  564  
0.044069235094352344  1325  425  712  802  852  939  993  
0.13346674223882504  1431  531  71  106  199  269  366  415  492  536  
0.8328920664663887  1450  550  80  134  237  331  453  552  
0.1369090575511563  1447  547  512  611  659  710  832  887  980  
0.27961713052467096  1468  568  568  655  692  754  826  884  963  999  
0.40886888406246635  1470  570  95  232  356  491  617  
0.212692067028597  1470  570  566  620  704  796  834  861  909  985  
0.5588002358553541  1420  520  74  163  267  317  349  377  454  488  
0.4247880315692312  1469  569  482  575  668  726  786  849  896  976  
0.4399613834139632  1425  525  77  187  248  348  418  511  
0.07670583011110166  1463  563  132  178  270  312  379  468  500  539  646  
0.06641415354740532  1462  562  103  207  315  405  491  617  
0.31524180507644084  1462  562  550  671  731  792  862  888  912  962  
0.27467402968368726  1415  515  39  102  139  224  312  381  464  
0.1886373937474124  1393  493  626  687  743  807  899  954  
0.07648553609234705  1460  560  386  408  481  503  627  729  780  859  
1.0  1169  269  21  41  156  227  
0.15916098387888367  1450  550  127  228  336  417  465  508  564  
0.29450450277527773  1402  502  629  686  753  842  914  962  
0.291826832749152  1418  518  1  49  96  208  239  312  383  417  
0.12825685495441091  1449  549  170  222  294  408  481  520  622  660  
0.24903097990447362  1406  506  602  681  771  816  910  958  
0.07298678444930823  1470  570  95  233  291  334  449  491  617  
0.3999590365299779  1401  501  13  65  181  266  295  417  
0.39995903652999876  1176  276  80  151  189  304  
0.23019074093402347  1447  547  597  633  709  807  855  935  963  999  
0.15146644225862022  1391  491  487  589  675  760  807  864  
0.49726317750469484  1353  453  40  157  222  294  417  
0.6583987322282385  1207  307  373  486  591  
0.37620613604855135  1276  376  50  94  180  228  306  384  
0.17476905118005803  1305  405  15  78  164  232  338  
0.027207008570941327  1454  554  387  435  468  514  640  688  784  804  856  
0.13226732755029702  1470  570  492  573  701  741  790  862  890  960  
0.3155068850894208  1427  527  71  112  159  208  238  365  431  472  
0.3061092340793465  1371  471  3  31  73  175  259  360  394  
0.802796168858444  1099  199  80  136  208  253  
0.4427699162644113  1296  396  17  26  86  235  274  342  371  
0.08442926007362334  1437  537  24  48  84  208  238  347  400  464  
0.035430239691866705  1460  560  50  94  185  272  319  412  489  
0.9058349060829761  1285  385  18  111  219  300  333  
0.5341782968916732  1418  518  172  250  320  408  481  508  564  
0.14930593664768393  1459  559  443  471  560  608  686  755  877  924  
0.38791612969558287  1449  549  80  154  251  363  433  477  590  
0.22177206064381627  1462  562  557  616  703  790  823  877  935  968  
0.019328912626122456  1466  566  90  161  236  263  311  404  421  470  604  
0.49576236239173643  1403  503  579  625  660  683  728  798  873  948  975  990  
0.3419384825869055  1240  340  58  195  256  345  
0.40517703644737413  1300  400  76  122  195  256  340  389  
0.5748587993661642  1286  386  361  404  437  481  504  565  680  
0.6513435204863576  1460  560  103  207  297  335  413  466  555  
0.39002255141500997  1059  159  937  983  
0.08979864202033855  1454  554  386  463  574  657  737  770  856  
0.5039898944019084  1407  507  456  493  581  688  773  834  863  
0.3317383554193367  1469  569  87  161  235  280  319  409  468  535  
0.1779448978484442  1399  499  309  399  467  505  648  689  747  
0.09851920199634306  1470  570  95  215  284  449  491  617  
0.0866585510416179  1352  452  77  187  239  312  381  474  
0.18112772156993306  1402  502  647  692  734  805  855  920  999  
0.22296882442856658  1432  532  566  632  658  695  788  823  860  918  996  
0.42370880701056746  1450  550  133  249  354  462  582  
0.49126128910445155  1415  515  440  544  676  732  796  819  
0.38797020797934634  1413  513  595  672  733  837  866  899  947  
0.03282016635583801  1468  568  95  256  335  413  466  555  
0.113653476660863  1398  498  562  628  696  777  814  858  886  936  966  
0.005338101977519355  1455  555  566  600  676  717  769  860  938  998  
0.13625721669736643  1414  514  188  229  292  410  480  539  646  
0.12590964771684798  1436  536  19  54  179  264  311  404  421  474  
0.09823810392294308  1463  563  44  115  158  218  241  268  327  404  418  511  
0.13624619301838586  1456  556  17  26  87  161  247  288  395  464  
0.7214843231253314  1295  395  19  52  124  194  278  371  
0.5748587993661642  1339  439  337  397  444  528  662  702  
1.0  1031  131  129  198  
0.38680496313604434  1467  567  95  214  283  330  455  554  630  
0.3051070575433241  1430  530  76  128  243  323  449  489  
0.4486485806879053  1413  513  71  106  192  261  357  436  523  
0.38992909052713176  1409  509  90  166  205  252  365  431  472  
0.457531155885711  1460  560  527  577  674  701  751  838  912  984  
0.12438187716837174  1400  500  9  80  150  201  296  426  
0.2357065298306792  1409  509  446  490  614  717  758  787  819  
0.061340720319531195  1405  505  583  661  737  780  808  866  896  988  
0.24903097990447362  1464  564  499  627  729  779  834  858  878  970  990  
0.005942279479393686  1324  424  299  381  468  500  540  606  
0.009276767848575007  1426  526  481  503  626  687  774  824  892  
0.11345139693571932  1448  548  132  173  245  354  476  509  559  605  
0.7305334059418732  1411  511  22  38  115  158  234  341  424  460  
0.8887277481250415  1364  464  14  101  236  262  316  398  
0.24562365707791894  1434  534  549  641  697  724  778  834  874  952  
0.4960101055980915  1405  505  456  493  581  690  761  833  882  
0.236605676224741  1393  493  627  721  809  854  954  
0.039463252909875846  1414  514  71  110  149  220  351  375  429  521  
0.24025099949285827  1417  517  168  222  297  354  441  541  
0.07151299057900584  1414  514  188  230  318  422  468  500  539  646  
0.4068662986646775  1445  545  120  202  225  307  343  455  554  630  
0.10997308503278944  1437  537  537  585  653  706  739  814  861  909  979  
0.2844082650561005  1401  501  649  738  830  872  944  999  
0.11900279950555548  1452  552  132  178  285  462  582  
0.3286886418535224  1406  506  301  405  484  532  656  747  
0.3881486070290928  1460  560  415  471  560  632  658  695  771  846  
0.1310475714481901  1456  556  67  91  140  235  274  312  382  402  458  481  518  
0.40150990488741944  1460  560  386  432  514  640  694  724  792  859  
0.6289220027084559  1469  569  473  600  677  758  785  877  934  
0.11220014639362502  1319  419  1  48  84  208  254  305  371  
0.11365247766406003  1433  533  24  49  96  208  248  351  375  425  
0.3797593604395997  1346  446  3  27  119  242  329  
0.405479310413212  1466  566  67  91  142  287  363  433  477  590  
0.18436988751215877  1431  531  71  112  166  235  280  358  420  492  536  
0.12247437185462023  1414  514  71  106  194  257  312  382  402  475  521  
0.16296735863538936  1415  515  599  685  777  813  905  992  
0.08672176709102847  1463  563  50  81  147  254  347  400  468  506  
0.3062651139994863  1420  520  446  490  614  710  784  808  863  
0.37505945449839984  1464  564  443  487  589  676  717  758  785  879  
0.25359040727704785  1469  569  87  183  221  305  344  380  450  535  
0.8274647065564747  1267  367  36  126  212  302  376  
0.09299094976779934  1413  513  452  481  503  627  729  793  846  
0.06051193947585238  1408  508  8  28  166  219  300  328  368  417  
0.24894898039946406  1454  554  386  422  461  567  662  711  767  856  
0.43930900139900464  1414  514  188  230  356  480  539  646  
0.03704638868465987  1418  518  170  222  362  423  481  508  564  
0.08296262804838517  1452  552  512  611  659  717  784  847  903  979  
0.11669174542006679  1464  564  499  623  694  718  825  867  961  
0.20764050095682907  1407  507  598  661  737  780  875  974  
0.31904385212182856  1424  524  545  666  731  833  887  980  
0.08027789477835534  1398  498  10  31  73  182  280  340  389  
0.3046347107930636  1381  481  50  88  193  265  310  346  439  
0.4871475669906413  1441  541  120  192  247  288  403  457  534  
0.29450450277528456  1255  355  374  438  471  560  606  
0.07556347144471454  1431  531  71  106  202  225  314  388  420  492  536  
0.597991742922714  1448  548  132  178  275  390  479  559  605  
0.17916055507768153  1438  538  524  631  719  789  866  893  930  
0.18534604016915607  1460  560  527  577  678  780  830  871  984  
0.10214974789816292  1465  565  8  28  166  268  330  425  
0.1899559063045551  1455  555  509  567  657  718  800  889  964  990  
0.15182211453852934  1466  566  90  159  208  248  356  435  470  604  
0.05694594225434235  1424  524  543  609  746  806  902  980  
0.14397427947037567  1451  551  132  173  218  244  325  435  468  513  638  
0.2730321810648691  1409  509  446  528  657  724  778  819  
0.3466130278483134  1426  526  481  503  623  673  735  794  892  
0.7874178649224782  1189  289  76  123  206  260  322  
0.3653067536386239  1383  483  80  150  201  281  410  483  
0.12964914333413796  1418  518  580  673  737  762  831  869  913  984  
0.06129898562305833  1443  543  44  113  234  395  475  521  
0.2694665940581268  1442  542  4  68  161  268  341  424  460  
0.23988723601737616  1423  523  584  692  734  799  854  947  
0.10583263851453892  1459  559  562  628  694  720  781  830  885  938  998  
0.35292079132459625  1402  502  188  229  282  388  419  501  593  638  
0.006221384442261058  1335  435  53  111  226  317  352  385  442  
0.4703157694760347  1350  450  43  165  233  296  378  417  
0.383511376496767  1433  533  80  152  244  350  434  496  
0.32662199863751196  1335  435  361  397  430  520  622  660  691  
0.11127225187495848  1336  436  25  161  226  316  398  
0.09853420290655471  1448  548  82  181  259  363  433  477  590  
0.09689535656010284  1453  553  80  154  234  401  451  531  
0.4745866030484357  1432  532  566  610  698  793  852  939  996  
0.012535850311054447  1469  569  87  144  237  328  369  444  535  
0.1685271590271131  1465  565  35  68  183  244  357  454  488  
0.22907123934834905  1411  511  53  104  210  323  417  465  507  
0.15564298145248145  1453  553  71  106  202  225  307  369  468  515  
0.22763171326241122  1432  532  613  670  777  813  898  935  963  999  
0.12582320890224952  1422  522  538  612  692  732  804  849  886  936  966  
0.14408211759095088  1438  538  16  52  124  199  261  357  430  474  
0.22739899246775536  1371  471  308  349  411  459  540  608  686  
0.15100728908242478  1427  527  50  81  147  271  368  417  478  
0.061812338751601525  1461  561  538  592  664  684  766  854  947  
0.3681519743577558  1427  527  74  163  267  317  366  415  492  536  
0.2630393345866938  1453  553  71  97  166  218  244  342  380  450  515  
0.32859514339132884  1364  464  10  31  73  182  264  313  407  
0.06606470109817628  1390  490  44  113  206  272  312  379  474  
0.40301915583029224  1404  504  452  481  522  643  712  828  
0.1755852553835423  1427  527  50  94  208  255  286  344  390  478  
0.12629119076662104  1464  564  393  463  574  648  699  782  829  
0.15073524207936412  1456  556  547  609  698  790  842  954  
0.13439522438475987  1459  559  509  574  639  750  825  874  932  988  
0.3115684630196429  1300  400  80  146  207  351  375  426  
0.07304778978692117  1388  488  209  298  331  476  509  563  
0.3227151441474024  1466  566  482  575  668  722  789  865  936  966  
0.1470923345114813  1300  400  79  202  225  307  343  426  
0.09851920199634301  1203  303  7  45  137  213  
0.13753084337054522  1374  474  22  46  154  268  330  426  
0.29116696603798503  1426  526  481  505  645  718  821  892  
0.07321700387045632  1131  231  10  34  75  155  203  
0.06593896267927574  1454  554  387  449  486  574  657  737  770  856  
0.31274922481060174  1463  563  50  81  147  274  312  381  468  506  
0.1962529999266409  1398  498  11  33  61  91  140  235  271  368  426  
0.016464613954939034  1468  568  58  180  228  336  432  515  
0.2615831315459932  1327  427  353  467  503  629  686  
0.13054026650675862  1433  533  76  108  160  265  310  346  421  468  506  
0.10423701738731295  1442  542  72  121  222  294  449  506  
0.20274847525812922  1456  556  22  38  113  269  368  417  465  507  
0.3141309568446911  1459  559  557  616  703  790  830  870  973  997  
0.18361956704728566  1463  563  132  173  245  335  412  480  539  646  
0.17412622832025704  1464  564  393  486  574  639  743  795  829  
0.06040698930552463  1401  501  186  237  331  453  559  605  
0.4068662986646775  1405  505  168  222  305  403  457  534  
0.11938183657033569  1441  541  549  641  697  736  782  869  913  984  
0.2061037379514732  1412  512  53  104  210  310  339  483  
0.12881743254232303  1364  464  301  391  434  498  588  618  667  
0.2551007714735716  1376  476  24  48  84  220  336  417  
0.35321097594447715  1443  543  127  213  284  449  491  617  
0.040991242611993994  1456  556  67  91  135  240  282  377  467  518  
0.20798735992709333  1463  563  547  609  731  792  862  884  972  
0.17172410005714395  1452  552  17  26  87  138  201  294  425  
0.24925979066005888  1059  159  25  167  
0.05867287295598417  1406  506  64  153  288  410  483  
0.1635476977147946  1057  157  82  174  
0.018172469874110593  1389  489  15  65  199  259  360  389  
0.16026232358376777  1439  539  80  153  257  312  383  417  465  518  
0.3419384825869055  1376  476  24  63  185  272  312  383  417  
0.011497213287080983  1459  559  39  102  140  226  292  395  454  488  
0.23020344912727395  1410  510  569  688  766  878  970  990  
0.1356883623230511  1429  529  58  214  283  327  404  418  521  
0.03851339368898887  1463  563  414  458  481  522  642  701  771  846  
0.16058147106444942  1411  511  53  102  139  241  269  369  458  481  507  
0.07304778978692117  1357  457  74  163  267  324  409  474  
0.19454131414070164  1452  552  556  679  777  814  853  942  986  
0.11685355726392843  1437  537  601  686  760  797  895  982  
0.04134814358910516  1454  554  386  429  510  642  701  786  856  
0.09400907327403082  1415  515  566  608  686  757  805  824  896  988  
0.3657517242042768  1433  533  76  122  184  276  364  435  468  506  
0.15174740451108792  1464  564  393  463  587  651  725  752  829  
0.14412911167069284  1415  515  562  628  690  745  835  948  975  990  
1.0  1032  132  915  973  995  
0.07321700387045632  1266  366  76  107  247  288  407  
0.07304778978692295  1289  389  289  317  349  411  459  550  
0.050055170675367015  1431  531  71  97  194  270  358  420  492  536  
0.24296432208738827  1388  488  43  147  255  286  388  416  
0.022595523080458396  1457  557  22  46  146  211  335  412  483  
0.030771298411184256  1370  470  301  486  567  662  702  
0.22739899246776352  1396  496  209  298  328  366  414  468  516  558  
0.03463330235958531  1466  566  545  677  769  849  878  965  
0.05382102959572041  1427  527  50  81  162  228  336  417  478  
0.10840548002079184  1396  496  90  157  222  297  357  430  475  521  
0.11380888279461665  1463  563  414  475  510  642  701  749  787  846  
0.4891780080219895  1274  374  9  80  130  230  321  
0.24731768066551918  1398  498  10  31  73  175  261  340  389  
0.13052576429256474  1457  557  22  46  150  201  296  405  483  
0.1707170893144327  1470  570  24  55  132  178  275  401  436  523  
0.09851920199634306  1465  565  20  113  196  246  312  381  507  
0.18069750847842925  1397  497  76  125  180  228  348  437  478  
0.19720383114152062  1204  304  4  68  159  208  253  
0.044698172400622654  1453  553  44  115  162  231  282  395  454  488  
0.18462395150943472  1414  514  24  57  102  135  263  311  404  416  
0.08040135464292755  1335  435  15  65  202  225  307  352  384  
0.17370135376950951  1411  511  83  204  245  342  377  454  488  
0.12019829146306915  1463  563  445  469  500  542  632  658  695  786  879  
0.06664782444888885  1470  570  492  570  669  713  790  830  890  960  
0.0336531544411715  1291  391  300  331  432  516  558  
