0.004094254388736229  1313  413  1  53  93  111  
0.49235131939187193  1289  389  10  36  87  112  
0.5056759162010631  1342  442  18  65  102  156  
0.28118298162012023  1375  475  179  199  246  266  305  341  
0.24582221280097305  1459  559  213  264  302  355  392  
0.7171640490943354  1276  376  11  47  60  106  121  145  
0.4729948055789073  1120  220  343  353  380  397  
0.09433338678190006  1327  427  155  187  240  281  
0.1880630515123143  1106  206  15  54  67  
1.0  1076  176  14  51  
0.8625535316924849  1289  389  0  28  78  119  
0.1365350358882732  1160  260  208  261  281  
0.05531295318359089  1357  457  237  246  261  283  320  346  372  
0.969838393451399  1301  401  4  13  42  74  98  115  
0.18226668541290164  1024  124  184  202  
0.3848302941710089  1447  547  204  228  241  277  366  381  
1.0  1289  389  6  22  54  66  95  145  
0.3940481569189236  1077  177  207  253  
0.009578662037992292  1358  458  6  20  46  83  133  158  
0.8117661744273159  1288  388  164  186  237  257  288  
0.5910602782183656  1450  550  218  288  316  331  355  392  
0.5037228912156789  992  92  6  27  
0.2828359509056646  1276  376  11  45  76  103  128  145  
0.007267062880215884  1402  502  12  23  54  63  94  154  168  
0.5037228912156789  1355  455  6  16  30  64  100  130  153  
0.04629796538368877  1292  392  2  29  37  65  101  130  
0.4637383176220594  1208  308  12  25  53  88  
0.6561376429040757  1274  374  12  25  39  80  111  
0.11443373713808261  1321  421  10  37  65  102  143  
0.2531612672517871  1288  388  179  199  246  271  313  
0.16311750898066132  1437  537  59  73  106  118  137  193  245  
0.4089397217816358  1465  565  207  244  280  348  396  
0.31090959096469806  1329  429  6  20  45  76  103  128  147  
0.041244440070142274  1325  425  249  289  333  362  
1.0  1249  349  293  317  339  375  396  
0.14845735904781998  1299  399  278  290  341  364  396  
0.34340019982381886  1435  535  233  297  338  371  386  397  
0.754177787199027  1468  568  217  255  300  361  389  
0.39404815691892225  1445  545  233  299  328  369  395  
0.03366319738891188  1179  279  324  341  364  394  
0.07859322122695345  1321  421  270  281  326  339  373  385  
0.2607137776636841  1277  377  207  236  262  312  344  
0.12108574604005218  1434  534  1  39  77  104  140  169  
0.40931706353470176  1255  355  308  330  356  374  399  
0.029657407616551057  1370  470  229  265  315  342  380  
0.08397584548205117  1154  254  170  220  254  
0.2018639357934524  1290  390  5  32  52  89  100  128  145  
0.3774277672740885  1451  551  44  57  87  122  131  166  201  
0.10439709649316917  1457  557  33  40  70  91  146  177  194  
0.1482259441179492  1468  568  228  243  285  322  352  383  
0.4535569785576289  1231  331  7  44  66  88  
0.4288754415308147  1392  492  207  245  267  286  318  345  357  
0.18317601092103175  1291  391  3  24  54  66  101  130  
0.041411812687011995  1323  423  204  227  270  291  314  335  351  
0.5906829364652982  1251  351  308  330  350  378  398  
1.0  1149  249  190  221  262  
0.0017530655603756884  1420  520  34  61  105  125  145  161  186  
0.04146407936511426  1470  570  197  225  247  289  340  363  387  
0.2607137776636841  1375  475  179  211  239  262  309  341  
0.03419849864107935  1104  204  343  363  387  
0.0827047038203117  1449  549  59  88  134  172  227  
0.5350735565296763  1431  531  34  57  87  122  131  167  196  212  
0.7817753419390847  1292  392  2  23  56  86  130  
0.24582221280097438  1446  546  217  255  285  322  349  396  
0.10035647040030038  1431  531  59  73  106  118  139  183  232  
0.008975254247384212  1432  532  33  60  106  125  145  164  191  
0.5679623699146408  1408  508  43  97  114  129  165  182  212  
0.014891564862710815  1191  291  198  223  259  295  
0.4391001932601257  1444  544  222  252  294  324  358  379  
0.13853467659589347  1310  410  254  272  298  319  359  
0.07768405894793204  1410  510  12  26  62  72  99  142  171  
0.011584382402106602  1412  512  12  26  50  69  85  142  185  
0.5243967970305354  1187  287  155  200  230  
0.5910602782183656  1465  565  207  244  280  337  377  396  
0.32178044787116833  1373  473  54  66  89  108  141  180  191  
0.5957270913517667  1385  485  54  63  94  134  172  224  
0.24582221280097305  1382  482  222  287  306  329  352  372  
0.40427290864823323  1288  388  197  224  242  259  296  321  
0.4238312866443459  1383  483  195  240  271  327  360  
0.5957270913517667  1384  484  214  242  260  292  336  359  
0.030161606548601005  1465  565  18  62  82  129  162  186  
0.03419849864107971  1429  529  238  266  307  340  364  390  
0.13054555970837578  1388  488  249  299  332  379  
0.9897372661126971  1209  309  323  354  368  391  399  
0.4849191967256995  1397  497  12  29  35  79  126  160  
0.3221719864311219  1451  551  204  225  251  272  298  319  376  
0.8119369484876857  1075  175  15  58  
0.05156575293836696  1420  520  34  67  109  124  145  164  186  
0.13893366252877748  1439  539  33  54  66  93  113  151  168  192  
1.0  1106  206  206  262  
0.025833464936801664  1177  277  135  154  168  202  
0.8192002018516273  1422  522  71  117  150  210  263  
0.09357761322818689  1423  523  134  172  208  271  313  
0.4426029191705456  1290  390  290  356  374  399  
0.300929361881227  1432  532  33  40  70  96  145  161  191  
0.4729948055789071  1313  413  282  306  329  342  388  399  
0.20312539043539596  1470  570  198  231  251  278  307  340  363  387  
0.32435320875983886  1443  543  207  258  283  320  366  381  
0.19303599061488041  1270  370  155  187  262  
0.4042729086482346  1458  558  198  223  260  292  336  376  
0.16817994552730745  1144  244  338  347  353  386  397  
0.24582221280097305  1355  455  235  276  300  359  
0.5150808032743005  1247  347  109  126  149  185  202  
0.4228803326910582  1134  234  338  347  364  396  
0.4849191967256995  1399  499  12  29  35  79  124  149  184  
0.4669437617110419  1341  441  195  240  277  335  351  
0.9172952961796883  1128  228  8  49  75  
0.03710990055800101  1470  570  17  31  61  92  132  189  
0.2904969073891088  1470  570  68  103  129  165  182  230  272  
0.19358186678144973  1469  569  204  225  247  297  348  396  
0.3241089487753468  1420  520  34  67  96  145  161  186  
0.2927661984587666  1470  570  198  231  247  279  340  363  387  
0.2127216849839555  1380  480  54  63  94  134  173  192  
0.030161606548601005  1465  565  38  83  144  152  166  201  
0.08270470382031075  1465  565  49  73  106  118  132  180  215  
0.21822465806091532  1435  535  3  24  56  91  136  176  
0.5076486806081281  1262  362  12  29  36  90  130  
0.21554964896377096  1434  534  1  46  86  132  169  
0.24582221280097305  1408  508  203  252  279  325  345  362  
0.22590619354960634  1450  550  188  202  251  278  307  342  380  
0.6793414860622902  1372  472  136  174  216  273  304  
0.4089397217816344  1468  568  228  241  295  337  370  383  
0.13744646830751506  1290  390  5  28  69  81  125  145  
0.4089397217816344  1307  407  278  290  335  351  377  394  
0.16073170252177138  1372  472  10  37  77  110  156  
0.292660107430493  1411  511  64  100  116  157  175  215  
0.014891564862712148  1289  389  207  236  262  309  345  
0.014891564862712148  1299  399  195  240  281  324  344  
0.24728455368639343  1401  501  209  284  311  325  346  372  
0.16465962979701065  1214  314  12  23  40  94  
0.24582221280097305  1446  546  229  261  286  314  332  384  
0.06553952195781554  1366  466  268  297  338  347  353  388  399  
0.27144159325493544  1355  455  238  266  307  342  380  
0.2607137776636852  1468  568  227  270  291  314  346  383  
0.3150775939389012  1325  425  268  294  326  339  373  382  
0.030161606548601005  1260  360  13  42  81  125  145  
0.4042729086482333  1013  113  185  214  
0.2828359509056646  1260  360  13  45  76  105  121  145  
0.03185743644980696  1349  449  148  162  186  235  275  298  
0.4962771087843211  997  97  6  24  
0.4884198546488736  1442  542  227  270  291  318  371  386  397  
0.21998874786417139  1256  356  135  148  163  196  234  254  
0.014891564862712148  1371  471  229  296  329  352  372  
0.023975210771940314  1290  390  164  186  235  275  304  
0.16406664588903475  1468  568  229  295  324  366  388  399  
0.1821205564367312  1146  246  343  360  383  
0.754177787199027  1453  553  213  264  302  365  385  
0.16311750898066132  1466  566  201  267  295  326  355  387  
0.42751316080653357  1403  503  197  225  247  279  333  357  
0.3940481569189229  1359  459  208  269  327  360  
0.6059518430810777  1465  565  219  287  303  328  369  395  
0.2607137776636841  1373  473  179  199  246  265  315  325  334  
0.6059518430810764  1465  565  207  253  285  322  349  396  
0.5580274038444768  1312  412  110  143  176  192  256  
0.12269430361486772  1291  391  282  306  327  373  384  
0.13744646830751506  1313  413  0  32  52  93  111  
0.25058637786749605  1300  400  13  46  83  147  
0.004111482593358251  1336  436  270  295  326  339  373  384  
0.0338984279337268  1457  557  209  279  325  358  382  
0.1790877972649301  1457  557  33  60  106  125  145  161  194  
0.4053264583743962  1259  359  18  55  87  112  
0.019916019251366712  1444  544  188  202  251  272  298  319  359  
0.24582221280097305  1200  300  319  365  384  
0.8668606355833883  1448  548  138  178  220  248  274  310  329  
0.2305533061851932  1440  540  59  73  106  118  137  231  256  
0.1126663509439032  1468  568  48  78  120  157  175  215  
0.18079979814837271  1430  530  68  105  127  162  210  263  
0.8517740558820508  1178  278  170  181  212  243  
0.6756467912401611  1162  262  207  258  281  
0.5942437066467805  1414  514  64  108  141  180  232  
0.0588360188759397  1465  565  18  93  113  151  162  186  
0.5808355264890546  1288  388  198  223  259  296  321  
0.2821283029135493  1463  563  209  273  305  358  379  
0.014891564862712148  1403  503  198  226  269  321  357  
0.3683149360002205  1229  329  109  124  142  183  191  
0.030161606548601005  1405  505  43  97  114  123  159  205  
0.21822465806091532  1238  338  146  177  234  254  
0.0558326472217473  1126  226  207  250  276  
0.14784860236488206  1384  484  107  166  208  266  
0.05290775110059487  1326  426  13  45  76  103  130  153  
0.03906437720621944  1430  530  237  246  261  283  320  367  390  
0.6606895958990325  1470  570  17  32  52  93  113  151  163  189  
0.07768405894793204  1467  567  21  50  69  84  113  151  165  182  212  
0.0580040399294075  1469  569  204  228  241  283  320  367  396  
0.754177787199027  1318  418  135  154  173  188  203  262  
0.08270470382031173  1325  425  8  48  69  81  125  147  
0.16465962979701065  1285  385  7  44  63  90  130  
0.6728804648438567  1410  510  104  140  193  250  275  
0.08270470382031173  1467  567  21  75  91  146  177  212  
0.1681799455273073  1423  523  249  299  320  371  388  399  
0.9602597314134067  1329  429  13  41  85  133  158  
0.09385649518287376  1413  513  237  246  261  283  332  382  
0.015268906615779398  1402  502  107  166  208  265  
0.030161606548601005  1433  533  7  48  72  99  142  171  
0.030161606548601005  1450  550  124  144  167  226  269  313  
0.1685854191894598  1139  239  6  16  27  54  67  
0.028155886184486695  1397  497  12  26  50  69  85  144  160  
0.20232163439967302  1289  389  10  37  80  111  
0.0741843339418965  1233  333  117  153  183  194  
0.06425009863589803  1133  233  170  181  230  
0.010262733887302866  1276  376  282  306  327  368  385  
0.4366887154663305  1401  501  209  273  305  346  372  
0.04467469458813578  1458  558  198  231  247  299  320  356  376  
0.09433338678190006  1127  227  195  262  
0.5242853111307407  1289  389  6  20  46  83  145  
0.4089397217816344  1438  538  218  288  316  331  361  393  
0.3150775939389012  1455  555  222  252  289  325  367  390  
0.16406664588903475  1088  188  343  353  381  
0.3906267052929524  1301  401  1  53  89  101  130  
0.5608986716697646  1462  562  120  152  226  269  313  
0.16311750898066132  1422  522  238  265  315  340  363  392  
0.3392760719969687  1113  213  183  234  254  
0.969838393451399  1415  515  38  82  123  159  205  
0.6983451399772796  1359  459  148  162  186  235  276  301  
0.5946735416256038  1467  567  21  55  70  91  146  175  212  
0.36932053278106725  1468  568  48  69  84  116  157  177  215  
0.0903172486427902  1416  516  68  110  143  176  192  256  
0.7392862223363159  1373  473  179  211  239  262  312  334  
0.6589365303386568  1338  438  5  31  61  107  157  
0.13496162279617466  1397  497  12  29  37  62  72  99  144  160  
0.10728486175891405  1376  476  71  96  144  166  201  
0.19327798045915268  1224  324  304  326  339  373  382  
0.30165486002272035  1432  532  120  187  262  301  
0.2448730758925982  1427  527  229  295  324  358  382  
0.21418111877688384  1342  442  268  284  311  325  347  364  390  
0.0491635189345605  1399  499  174  216  274  310  327  
0.37989931840232705  1439  539  3  30  64  101  139  171  
0.11137911614764939  1402  502  12  26  50  69  84  129  168  
0.3380193597884398  1314  414  43  97  116  160  
0.10728486175891405  1376  476  119  150  230  275  
0.033100527817017555  1289  389  48  69  81  117  148  173  
0.1355343836938127  1210  310  125  147  177  194  
0.5910602782183656  1079  179  352  370  393  
0.11899814493256944  1446  546  229  261  283  332  384  
0.39404815691892225  1309  409  282  303  350  378  398  
0.030161606548601005  1265  365  10  35  74  98  119  
0.26532832411898255  1470  570  198  226  266  307  340  363  387  
0.1267498511801175  1454  554  197  227  270  291  314  366  381  
0.5312423991233242  1355  455  238  265  315  333  362  
0.10261350834507255  1468  568  105  127  163  199  289  
0.01670814789172448  1389  489  148  163  187  246  271  313  
0.2625516432572589  1401  501  249  284  332  384  
0.30220050354296646  1470  570  17  31  61  92  137  189  
0.1415407226962513  1260  360  13  53  80  128  145  
0.08397584548205117  1398  498  54  66  89  108  141  181  194  
0.3276916895948613  1355  455  6  16  27  40  90  130  153  
0.33281411786139886  1422  522  7  48  69  84  114  139  184  
0.7021346506424662  1402  502  12  26  50  69  81  127  168  
0.16400202617548199  1405  505  107  152  193  250  275  
0.22888041033250905  1458  558  198  231  251  272  298  319  376  
0.0491635189345605  1378  478  138  178  220  248  273  298  
0.015268906615779176  1393  493  54  63  94  134  172  225  
0.1482259441179492  1407  507  241  277  332  379  
0.1482259441179492  1453  553  219  287  306  329  349  394  
0.04629796538368877  1336  436  2  23  54  66  102  143  
0.2625516432572589  1433  533  233  299  311  325  367  394  
0.0012711416617404159  1431  531  59  73  106  118  132  180  232  
0.10728486175891405  1048  148  207  250  
0.15696625768671676  1329  429  268  284  311  325  341  373  385  
0.7243946574736038  1277  377  207  236  262  309  344  
0.32530234566821226  1465  565  207  245  267  286  314  367  396  
0.39747841143691587  1399  499  249  297  348  390  
0.04467469458813578  1222  322  319  374  399  
0.01526890661577951  1239  339  315  325  350  378  398  
0.002675009097144354  1395  495  12  47  58  86  132  169  
0.116377790381994  1424  524  3  30  68  92  132  169  
0.3220082554377343  1384  484  68  105  125  144  166  201  
0.10371760761499263  1457  557  33  54  67  96  145  164  194  
0.2127216849839555  1379  479  154  172  208  271  313  
0.06201904299840799  1272  372  174  216  289  
0.07351493638945866  1408  508  71  117  150  194  256  
0.05103600039965911  1430  530  43  97  113  151  165  182  234  
0.014452042864088632  1425  525  7  48  69  81  127  168  
0.01357133518554332  1466  566  79  115  161  230  278  
0.010262733887302866  1209  309  323  354  373  391  399  
0.24493769560615247  1467  567  21  62  72  99  144  152  167  196  212  
0.1287198327999396  1403  503  198  226  261  283  320  345  357  
0.24582221280097305  1467  567  219  294  326  361  389  
0.18169094800556052  1370  470  229  261  283  320  345  362  
0.1882338255726841  1322  422  155  187  257  288  
0.1466194934542464  1118  218  343  364  394  
0.0043556243712720155  1237  337  7  44  63  94  
0.0827047038203117  1319  419  207  245  267  291  318  335  351  
0.09477289939335029  1445  545  1  47  60  106  136  176  
0.10232846511933599  1468  568  105  125  144  167  199  289  
0.20947595200474134  1261  361  174  216  273  298  
0.10340532270661684  1265  365  304  324  356  374  399  
0.12921908104693558  1366  466  268  289  325  347  353  388  399  
0.012820663348659334  1408  508  43  97  113  151  165  182  212  
0.15992681141593845  1345  445  1  39  77  110  143  
0.030161606548601005  1361  461  4  13  47  58  83  133  158  
0.5122550161011399  1428  528  9  19  62  72  99  142  171  
0.20603378911609116  1469  569  104  140  187  289  
0.007660956483444226  1406  506  12  29  37  76  105  136  176  
0.06503850778711201  1254  354  109  124  147  177  194  
0.11901642659274705  1325  425  268  284  311  325  341  373  382  
0.08749867619623439  1453  553  34  57  87  122  131  167  200  234  
0.013943934505199485  1436  536  1  45  77  107  160  
0.3335923812771655  1357  457  12  29  37  65  102  156  
0.06906190567535936  1442  542  2  26  50  69  84  114  139  185  
0.056566821618178414  1425  525  2  45  77  92  132  169  
0.15522643586656895  1329  429  6  20  47  58  83  147  
0.06284979963993365  1260  360  13  39  76  103  128  145  
0.08397584548205117  1448  548  138  178  200  234  248  274  310  329  
0.4877449838988601  1413  513  9  19  77  92  132  169  
0.304128681291179  1431  531  59  73  106  118  137  200  232  
0.10232222223373189  1303  403  3  24  40  87  112  
0.03099683357502314  1312  412  110  143  176  202  256  
0.024780117363611853  1468  568  48  78  120  157  177  215  
0.11786818766061397  1428  528  59  73  106  118  139  183  215  
0.0397402685865933  1326  426  13  41  84  130  153  
0.0017530655603756884  1356  456  5  31  66  89  100  130  153  
0.016590271363057685  1392  492  79  115  161  194  256  
0.1639592199695194  1457  557  33  54  67  96  145  161  194  
