1.0  950  50  14  
0.23996137761079245  1410  510  10  35  74  87  122  132  169  
0.16538061827619427  1465  565  49  77  92  123  159  180  215  
0.4101333789329143  1397  497  12  26  50  82  116  160  
0.013011882087596103  1444  544  222  252  297  338  358  379  
0.18918997266086635  1431  531  183  230  272  282  306  327  360  
0.0024408897145992148  1333  433  8  44  63  97  131  157  
0.06860733791079984  1407  507  233  287  302  376  
0.050717064046156224  1438  538  218  265  305  346  370  393  
0.14225887442488605  1388  488  21  62  82  114  130  153  185  
0.027899439314192698  1465  565  207  245  267  283  320  367  396  
0.005558284346999232  1444  544  206  262  312  366  381  
0.7362781889105918  1465  565  207  258  291  314  367  396  
0.02096226066755069  1420  520  9  19  77  92  129  168  
0.29834290339667313  1408  508  203  252  287  306  329  342  380  
0.8364604947614382  1470  570  17  32  52  89  108  141  189  
0.034762568324432044  1457  557  222  284  311  323  354  368  384  
0.25489679620049344  1465  565  207  236  284  318  346  377  396  
0.31950348773562176  1402  502  203  294  326  359  
0.4864152229933543  1465  565  219  302  369  395  
0.07787098045133412  1464  564  229  265  307  340  363  398  
0.3451610742298722  1303  403  3  24  54  66  93  111  
0.2198679543867241  1468  568  229  261  277  318  350  378  388  399  
0.07605215498289902  1417  517  10  37  62  78  119  148  168  
0.4519864774347484  1306  406  12  25  41  84  113  143  
0.6811579894684968  1380  480  110  151  162  186  238  266  
0.6601728650251856  1414  514  254  276  301  319  374  399  
0.40718441874962874  1111  211  4  13  47  58  
0.3649170465939916  1297  397  7  44  57  87  112  
0.019816652960094494  1408  508  43  97  123  158  177  212  
0.0017169693839526046  1468  568  213  264  297  330  358  368  384  
0.12200270158606352  1464  564  214  242  259  283  341  364  390  
0.0432632629919133  1465  565  207  245  267  296  327  364  396  
0.05935246462328636  1308  408  13  53  93  116  157  
0.005042459030338481  1379  479  12  29  37  65  102  151  173  
0.5374995424960262  1465  565  207  236  262  292  330  358  375  396  
0.31363531794678134  1289  389  6  20  45  95  145  
0.13828777535601522  1292  392  9  19  55  87  112  
0.06744984402029897  1465  565  49  77  103  137  181  215  
0.24641670573775543  1280  380  135  148  165  182  212  243  
0.27237354085603355  1321  421  190  221  257  296  321  
0.7276264591439665  1370  470  135  150  186  237  257  288  
0.3574969310039015  1319  419  43  94  134  168  
1.0  1120  220  343  353  371  386  397  
0.4582214488416563  1450  550  188  202  247  297  337  362  
1.0  1076  176  13  46  
0.15084998645878114  1340  440  4  13  39  65  101  131  157  
0.6123984146131574  1448  548  222  262  312  350  378  392  
0.03858189302769632  1202  302  34  66  89  101  130  
0.05668816432015272  1411  511  64  100  114  137  196  215  
0.7522008162339793  1098  198  348  394  
0.12731528932989333  1372  472  198  226  269  310  327  360  
0.2723735408560346  1456  556  21  50  69  81  117  150  186  
0.039012882479266875  1438  538  241  286  328  355  398  
1.0  1063  163  5  28  
0.039976512019781585  1168  268  198  226  261  288  
0.41387896181913936  1468  568  49  80  113  156  179  196  232  
0.25317557562354437  1431  531  59  76  103  137  180  232  
0.16901960577965622  1412  512  12  25  53  88  138  185  
0.15645743309282356  1461  561  209  262  300  354  373  385  
0.24045738478365258  1277  377  207  258  283  320  344  
0.343766343348365  1458  558  198  231  251  275  304  316  331  376  
0.1485773114051332  1460  560  59  77  92  129  172  207  244  
0.21470127373795309  1465  565  207  250  276  309  358  375  396  
0.3509552417122578  1468  568  227  270  286  320  345  357  383  
0.003939208373550551  1459  559  207  250  278  290  341  363  387  
0.059642649298676687  1301  401  1  45  73  106  118  130  
0.5829622149219527  1458  558  104  140  167  216  273  298  
0.7481916000904721  1262  362  12  23  56  86  130  
0.9250697682704276  1122  222  351  372  391  399  
0.7243600182907827  1465  565  18  55  98  115  161  186  
0.5009976090293181  1377  477  174  220  249  299  311  325  347  
0.13788950778942177  1444  544  188  202  251  272  282  303  328  359  
0.028218710471735076  1466  566  213  264  297  330  367  390  
0.32218446116414834  1401  501  241  277  332  373  382  
0.234816065217699  1425  525  229  266  290  328  361  393  
0.05166580542382626  1469  569  204  225  247  279  322  351  377  396  
0.28883737010326954  1289  389  6  24  51  83  145  
0.19450256040469616  1465  565  207  250  275  307  340  364  396  
0.1635395052385618  1470  570  17  31  66  93  129  163  189  
0.3398271349748144  1410  510  254  278  290  328  355  398  
1.0  1281  381  208  261  271  313  333  
0.4582214488416563  1233  333  308  336  365  384  
0.23619143542690124  1460  560  59  80  130  154  172  207  244  
0.7184167056703151  1460  560  206  262  300  378  387  
0.46250045750397384  1469  569  195  262  292  338  356  376  
0.6490447582877422  1461  561  233  279  322  352  370  383  
0.3398271349748144  1438  538  222  262  301  319  365  382  
0.1635395052385618  1313  413  0  32  52  93  111  
0.30909448476549994  1447  547  126  149  177  234  248  274  313  
0.5417785511583437  1157  257  308  337  362  
0.5928155812503715  1075  175  15  51  
0.017897823406846092  1444  544  218  266  290  332  368  385  
0.052505586469308585  1323  423  280  326  355  388  399  
0.30722337713813297  1469  569  203  262  293  317  339  368  385  
0.7111626298967304  1289  389  6  16  30  64  100  114  128  145  
0.03486722314486239  1288  388  198  231  251  272  282  303  344  
0.29421149505053684  1455  555  213  264  302  339  379  
0.39305542522798526  1457  557  218  283  335  349  390  
0.01094462876690272  1412  512  12  23  54  66  95  133  158  185  
0.18990790620518194  1364  464  179  199  240  286  314  347  
0.2888373701032696  1431  531  3  30  64  101  130  154  168  
0.22917151203374841  1291  391  18  65  102  143  
0.0909543498060354  1467  567  219  273  304  316  331  361  389  
1.0  1050  150  217  255  
0.692776622861867  1463  563  209  262  293  317  354  379  
0.7095695355964702  1422  522  71  96  142  175  210  263  
0.12588938713020972  1445  545  49  62  72  99  144  152  166  201  
0.3935452351939501  1340  440  4  13  42  79  120  157  
0.2076036613034804  1465  565  207  236  262  309  367  396  
0.16353950523856176  1411  511  64  108  141  181  215  
0.6226864160360055  1405  505  43  87  122  137  205  
0.027802637461374458  1418  518  7  48  82  114  132  169  
0.3828276134941818  1300  400  146  183  191  239  262  
0.33798840386103723  1449  549  213  264  287  303  332  373  382  
0.8364604947614382  1142  242  0  31  61  
0.4226304272006102  1465  565  219  299  311  323  369  395  
0.05391647576858738  1430  530  68  92  130  153  177  210  263  
0.15358385758315762  1262  362  12  29  35  74  90  130  
0.18336970188199087  1466  566  214  242  259  291  318  358  373  384  
0.1499313941853998  1201  301  190  221  240  288  
1.0  1013  113  184  192  
0.23491891858045397  1304  404  2  29  37  62  82  111  
0.607667278555877  1280  380  280  324  345  357  393  
0.1846605254336156  1454  554  227  270  295  338  346  370  389  
0.07752208394416174  1436  536  1  41  84  116  160  
0.5347067518549662  1443  543  85  145  155  187  246  266  
0.7276264591439697  1257  357  307  340  363  388  399  
0.0232644263057461  1465  565  207  258  286  314  335  351  377  396  
0.5328434822400416  1379  479  12  29  36  94  134  173  
0.17966499075505282  1443  543  64  102  151  172  207  244  
0.5928155812503713  1289  389  6  20  47  58  83  145  
0.6064547648060499  1250  350  12  29  35  79  119  
1.0  1426  526  60  106  125  147  164  186  235  
0.04973716415410434  1450  550  218  295  330  356  378  392  
0.6850265226571098  1350  450  34  66  88  138  171  
0.41703778507804884  1468  568  105  121  133  158  178  216  289  
0.3398271349748144  1323  423  280  338  356  374  399  
1.0  1079  179  198  223  260  
0.0909543498060354  1445  545  233  273  304  316  331  369  395  
0.25638050195111195  1313  413  1  53  80  111  
0.4652932481450338  1400  500  127  163  187  240  281  
0.3289588116393496  1450  550  188  202  251  272  282  306  329  342  380  
0.1732070164093591  1410  510  12  26  65  100  114  123  158  171  
0.30909448476549994  1364  464  179  200  230  272  282  303  347  
0.3426320910316417  1299  399  195  252  294  324  344  
0.6064547648060499  1465  565  38  78  120  152  166  201  
0.22008679741497006  1430  530  68  92  123  159  180  210  263  
0.31601353259369147  1436  536  2  26  75  91  136  176  
0.578301673156902  1324  424  11  45  73  106  118  131  157  
0.33408122395001527  1273  373  7  48  69  81  117  
0.15001607426355423  1425  525  233  306  327  364  396  
0.26840745066971766  1337  437  6  22  54  66  93  131  157  
0.41631985153373136  1373  473  179  193  253  285  315  325  334  
0.03186936045069194  1438  538  218  277  328  361  393  
0.3594429716967905  1333  433  8  44  57  97  116  157  
0.15346269230641046  1304  404  15  54  67  96  144  157  
0.07493023172957236  1444  544  188  203  252  284  311  323  359  
0.49679517804999307  1313  413  1  42  74  87  112  
0.19486745146438444  1465  565  195  240  277  320  366  381  
1.0  969  69  197  224  
0.11600337572087736  1329  429  268  297  336  354  368  385  
0.42577517543746635  1454  554  228  241  295  336  361  389  
0.48416492488240404  1431  531  33  54  63  97  114  139  170  211  
0.33786442123273824  1459  559  213  264  294  326  355  392  
0.5836801484662686  1465  565  207  253  285  315  325  335  349  396  
0.07080518901247229  1372  472  198  231  251  278  305  341  360  
0.04232732079631174  1426  526  228  241  295  326  355  387  
0.32192931156796833  1466  566  214  242  259  286  314  332  368  384  
0.3828276134941818  1454  554  198  231  256  268  297  330  366  381  
0.24779918376602073  1090  190  348  396  
0.10064607206403514  1409  509  2  26  77  92  130  154  173  
0.6381161385886103  1285  385  8  48  72  109  124  145  
0.082465634650852  1352  452  146  177  194  256  267  288  
0.1141931557573303  1441  541  3  27  54  67  96  142  185  
0.2019514161835293  1431  531  229  265  304  316  331  365  385  
0.39921402791398686  1413  513  9  19  65  101  132  169  
0.2904304644035298  1407  507  68  92  130  153  175  232  
7.516026059768977E-4  1428  528  34  67  99  142  178  205  
0.38204330103984335  1347  447  183  191  239  262  312  344  
0.42169832684309805  1276  376  11  53  95  145  
0.1801603804391787  1386  486  174  220  249  287  303  334  
0.5836801484662615  1420  520  64  102  156  179  193  245  
0.06758313415969008  1459  559  207  250  275  305  356  378  387  
0.7315925493302824  1289  389  6  22  54  67  99  145  
0.4676767727453841  1262  362  268  284  311  323  359  
0.27563998170921733  1420  520  34  57  98  115  161  186  
0.6909055152345001  1447  547  126  149  178  200  234  248  274  313  
0.24779918376602075  1440  540  227  270  295  326  339  375  394  
0.45051542389131943  1308  408  13  39  77  107  157  
0.26765584806374043  1376  476  71  109  124  144  152  166  201  
0.042514998153786454  1468  568  49  65  100  123  159  180  232  
0.02277461633978939  1326  426  71  96  142  178  205  
0.07493023172957236  1021  121  185  202  
0.2518083999095279  1408  508  3  24  56  86  130  154  173  
0.12512586123686134  1447  547  207  250  276  300  376  
0.04064742050291004  1454  554  228  241  277  346  370  389  
0.03629428480717711  1464  564  21  88  138  178  205  
0.1096595867560568  1402  502  7  44  66  88  134  173  
0.16353950523856176  1126  226  7  44  61  
0.0935491008028474  1337  437  6  20  53  80  116  157  
0.010944628766902081  1468  568  105  121  142  183  194  247  289  
0.0334922380395567  1465  565  207  245  268  287  306  327  364  396  
0.048420359597640045  1292  392  4  13  45  76  103  128  145  
0.31166491118807593  1277  377  207  245  267  296  321  
0.059464011243934856  1177  277  38  69  81  117  
0.4912500832633119  1034  134  228  243  
0.9250697682704276  970  70  204  225  
0.025956835118279176  1318  418  135  148  163  199  262  
0.4167466506944345  1454  554  198  226  265  305  366  381  
0.2760250099826854  1466  566  206  252  279  322  352  377  396  
0.16773363100011848  1470  570  198  231  247  284  320  350  378  387  
0.1373522063532021  1467  567  21  55  87  122  139  170  181  212  
0.11834704864635903  1427  527  2  23  51  83  144  160  
0.04137747973186518  1447  547  233  299  318  345  357  389  
0.2497151009797643  1308  408  13  39  76  107  157  
0.3941479620872488  1465  565  207  250  275  305  346  377  396  
0.6839864674063085  1421  521  10  37  75  91  136  176  
0.3188420105315047  1460  560  110  143  174  220  249  289  
0.40351976802708994  1373  473  179  196  230  278  290  334  
0.2537217264432181  1256  356  15  54  66  95  145  
0.1225167224962661  1402  502  12  23  54  66  89  101  130  154  168  
0.2165850490881059  1454  554  227  270  283  328  361  389  
0.1848861906003712  1465  565  49  62  82  129  165  182  215  
0.03499448403820643  1431  531  183  194  247  299  318  341  360  
0.8858068442426696  1130  230  6  16  27  40  70  
0.3188420105315035  1389  489  104  140  167  199  246  266  
0.45672316271421615  1457  557  218  269  310  327  364  390  
0.5133941854029967  1431  531  33  54  63  90  130  153  178  211  
0.13413456074611232  1402  502  12  29  36  97  113  151  168  
0.1096595867560568  1451  551  1  42  74  94  138  185  
0.08371292506552896  1457  557  105  121  133  159  180  194  251  278  298  
0.36205567754442136  1428  528  59  73  106  118  139  170  181  215  
0.1489194886701351  1412  512  12  25  39  76  103  123  158  185  
0.33302195701384596  1395  495  12  29  36  90  132  169  
0.0232644263057461  1469  569  204  225  247  279  322  349  396  
0.43556626241291274  1436  536  68  103  129  172  207  244  
0.27237354085603493  1449  549  238  265  304  316  331  355  398  
0.14176646093353104  1428  528  9  19  62  72  99  142  171  
0.046468469675468915  1089  189  18  77  
0.07493023172957236  1079  179  352  370  393  
0.0024408897145991315  1431  531  33  54  66  89  102  156  179  211  
0.3174930802110511  1464  564  21  50  78  119  148  163  205  
0.23007442811546036  1442  542  2  25  41  84  114  123  158  185  
0.07493023172957236  1468  568  229  286  318  346  372  391  399  
0.27237354085603355  1343  443  127  162  186  237  262  
0.11419315575733036  1130  230  6  24  40  70  
0.1507659440453094  1461  561  209  287  302  339  368  385  
0.1905633520311412  1464  564  229  277  318  341  363  398  
0.5776950649585665  1405  505  190  221  262  309  341  360  
0.2997694751289163  1415  515  9  19  76  107  160  
0.24041701050562955  1308  408  13  41  84  128  144  157  
0.33408122395001527  1418  518  38  69  81  117  148  165  182  212  
0.25317557562354437  1468  568  105  121  133  159  181  194  247  289  
0.4652932481450338  1443  543  85  145  155  199  246  266  
0.01642719121997238  1437  537  64  100  114  139  170  181  210  263  
0.3726982849639773  1390  490  214  242  259  296  329  342  380  
0.23512908546597583  1457  557  105  121  133  159  180  191  239  273  298  
0.4159615479558906  1288  388  198  226  269  310  321  
0.5347067518549662  1357  457  146  177  194  256  267  281  
0.027717331287074154  1305  405  127  163  196  212  243  
0.09422801334764896  1373  473  21  62  72  109  124  144  160  
0.08035210920741731  1438  538  241  291  320  356  378  398  
0.04646846967546969  1390  490  103  129  162  186  238  266  
0.23461587971185854  1305  405  127  165  182  212  243  
0.04970063041248124  1405  505  241  295  324  358  368  385  
0.09819577454654377  1458  558  104  140  167  196  230  278  298  
