1.0  950  50  14  
1.0  922  22  33  
1.0  1405  505  190  221  240  277  320  341  360  
1.0  1397  497  12  26  50  82  116  160  
1.0  1420  520  9  19  77  92  129  168  
1.0  1470  570  17  32  52  89  108  141  189  
1.0  1464  564  154  182  215  270  286  318  334  
1.0  1425  525  2  39  80  132  169  
1.0  1464  564  107  152  181  194  247  289  
1.0  1465  565  219  302  369  395  
1.0  1303  403  3  24  54  66  93  111  
1.0  1306  406  12  25  41  84  113  143  
1.0  1380  480  110  151  162  186  238  266  
1.0  1414  514  254  276  301  319  374  399  
1.0  1297  397  7  44  57  87  112  
1.0  1408  508  43  97  123  158  177  212  
1.0  1370  470  135  150  186  237  257  288  
1.0  1120  220  343  353  371  386  397  
1.0  1076  176  13  46  
1.0  1448  548  222  262  312  350  378  392  
1.0  1470  570  68  105  121  133  159  180  230  272  
1.0  1063  163  5  28  
1.0  1451  551  1  42  74  87  122  131  157  185  
1.0  1168  268  198  226  261  288  
1.0  1431  531  59  76  103  137  180  232  
1.0  1277  377  207  258  283  320  344  
1.0  1458  558  104  140  167  216  273  298  
1.0  1262  362  12  23  56  86  130  
1.0  1122  222  351  372  391  399  
1.0  1465  565  18  55  98  115  161  186  
1.0  1377  477  174  220  249  299  311  325  347  
1.0  1410  510  254  278  290  328  355  398  
1.0  1395  495  49  65  101  131  157  170  205  
1.0  1281  381  208  261  271  313  333  
1.0  1460  560  206  262  300  378  387  
1.0  1469  569  195  262  292  338  356  376  
1.0  1461  561  233  279  322  352  370  383  
1.0  1157  257  308  337  362  
1.0  1075  175  15  51  
1.0  1289  389  6  16  30  64  100  114  128  145  
1.0  1050  150  217  255  
1.0  1463  563  209  262  293  317  354  379  
1.0  1422  522  71  96  142  175  210  263  
1.0  1465  565  207  236  262  309  367  396  
1.0  1300  400  146  183  191  239  262  
1.0  1449  549  213  264  287  303  332  373  382  
1.0  1142  242  0  31  61  
1.0  1466  566  214  242  259  291  318  358  373  384  
1.0  1013  113  184  192  
1.0  1280  380  280  324  345  357  393  
1.0  1443  543  85  145  155  187  246  266  
1.0  1257  357  307  340  363  388  399  
1.0  1379  479  12  29  36  94  134  173  
1.0  1443  543  64  102  151  172  207  244  
1.0  1289  389  6  20  47  58  83  145  
1.0  1250  350  12  29  35  79  119  
1.0  1426  526  60  106  125  147  164  186  235  
1.0  1350  450  34  66  88  138  171  
1.0  1079  179  198  223  260  
1.0  1450  550  188  202  251  272  282  306  329  342  380  
1.0  1380  480  110  156  179  199  246  266  
1.0  1465  565  38  78  120  152  166  201  
1.0  1177  277  8  48  69  81  
1.0  1444  544  188  203  252  284  311  323  359  
1.0  969  69  197  224  
1.0  1454  554  228  241  295  336  361  389  
1.0  1465  565  207  253  285  315  325  335  349  396  
1.0  1466  566  214  242  259  286  314  332  368  384  
1.0  1454  554  198  231  256  268  297  330  366  381  
1.0  1090  190  348  396  
1.0  1431  531  229  265  304  316  331  365  385  
1.0  1276  376  11  53  95  145  
1.0  1289  389  6  22  54  67  99  145  
1.0  1447  547  126  149  178  200  234  248  274  313  
1.0  1440  540  227  270  295  326  339  375  394  
1.0  1349  449  4  13  45  73  106  118  139  
1.0  1277  377  207  245  267  296  321  
1.0  970  70  204  225  
1.0  1465  565  207  250  275  305  346  377  396  
1.0  1421  521  10  37  75  91  136  176  
1.0  1130  230  6  16  27  40  70  
1.0  1457  557  218  269  310  327  364  390  
1.0  1431  531  33  54  63  90  130  153  178  211  
1.0  1364  464  179  196  234  249  294  324  347  
1.0  1424  524  117  148  163  193  258  281  
1.0  1373  473  21  62  72  109  124  144  160  
1.0  1305  405  127  165  182  212  243  
