1.0  1455  555  179  193  245  267  291  318  332  373  
1.0  1289  389  10  36  87  112  
1.0  1342  442  18  65  102  156  
1.0  1375  475  179  199  246  266  305  341  
1.0  1461  561  233  299  311  325  345  383  
1.0  1276  376  11  47  60  106  121  145  
1.0  1260  360  13  53  100  128  145  
1.0  1076  176  14  51  
1.0  1289  389  0  28  78  119  
1.0  1301  401  4  13  42  74  98  115  
1.0  1143  243  1  45  77  
1.0  1341  441  195  240  286  314  335  351  
1.0  1180  280  298  325  345  362  
1.0  1447  547  204  228  241  277  366  381  
1.0  1289  389  6  22  54  66  95  145  
1.0  1288  388  164  186  237  257  288  
1.0  1450  550  218  288  316  331  355  392  
1.0  1274  374  12  25  39  80  111  
1.0  1329  429  6  20  45  76  103  128  147  
1.0  1249  349  293  317  339  375  396  
1.0  1468  568  217  255  300  361  389  
1.0  1431  531  238  283  320  358  384  
1.0  1370  470  229  265  315  342  380  
1.0  1231  331  7  44  66  88  
1.0  1397  497  12  29  35  79  124  160  
1.0  1251  351  308  330  350  378  398  
1.0  1149  249  190  221  262  
1.0  1292  392  2  23  56  86  130  
1.0  1408  508  43  97  114  129  165  182  212  
1.0  1444  544  222  252  294  324  358  379  
1.0  1447  547  207  250  275  319  376  
1.0  1098  198  348  394  
1.0  1465  565  207  244  280  337  377  396  
1.0  1318  418  179  220  249  306  329  
1.0  1385  485  54  63  94  134  172  224  
1.0  1384  484  214  242  260  292  336  359  
1.0  1209  309  323  354  368  391  399  
1.0  1075  175  15  58  
1.0  1106  206  206  262  
1.0  1422  522  71  117  150  210  263  
1.0  1290  390  290  356  374  399  
1.0  1470  570  198  231  251  278  307  340  363  387  
1.0  1247  347  109  126  149  185  202  
1.0  1128  228  8  49  75  
1.0  1289  389  140  180  212  254  272  
1.0  1372  472  136  174  216  273  304  
1.0  1399  499  12  23  54  66  89  101  139  184  
1.0  1401  501  209  284  311  325  346  372  
1.0  1462  562  120  152  226  261  271  313  
1.0  1366  466  268  297  338  347  353  388  399  
1.0  997  97  6  24  
1.0  1442  542  227  270  291  318  371  386  397  
1.0  1453  553  213  264  302  365  385  
1.0  1403  503  197  225  247  279  333  357  
1.0  1359  459  208  269  327  360  
1.0  1465  565  219  287  303  328  369  395  
1.0  1465  565  207  253  285  322  349  396  
1.0  1312  412  110  143  176  192  256  
1.0  1270  370  282  303  335  352  370  393  
1.0  1448  548  138  178  220  248  274  310  329  
1.0  1178  278  170  181  212  243  
1.0  1162  262  207  258  281  
1.0  1414  514  64  108  141  180  232  
1.0  1288  388  198  223  259  296  321  
1.0  1470  570  17  32  52  93  113  151  163  189  
1.0  1318  418  135  154  173  188  203  262  
1.0  1249  349  10  37  76  104  
1.0  1329  429  13  41  85  133  158  
1.0  1233  333  117  153  183  194  
1.0  1133  233  170  181  230  
1.0  1289  389  6  20  46  83  145  
1.0  1455  555  222  252  289  325  367  390  
1.0  1415  515  38  82  123  159  205  
1.0  1359  459  148  162  186  235  276  301  
1.0  1428  528  59  73  106  118  137  196  215  
1.0  1467  567  21  55  70  91  146  175  212  
1.0  1468  568  48  69  84  116  157  177  215  
1.0  1373  473  179  211  239  262  312  334  
1.0  1338  438  5  31  61  107  157  
1.0  1224  324  304  326  339  373  382  
1.0  1355  455  6  16  27  40  90  130  153  
1.0  1402  502  12  26  50  69  81  127  168  
1.0  1277  377  207  236  262  309  344  
1.0  1424  524  3  30  68  92  132  169  
1.0  1384  484  68  105  125  144  166  201  
1.0  1345  445  155  187  257  295  
1.0  1118  218  343  364  394  
1.0  1428  528  9  19  62  72  99  142  171  
1.0  1453  553  34  57  87  122  131  167  200  234  
1.0  1432  532  33  54  67  96  145  161  191  
